   0.9999995   -0.0009972   -0.0002842    0.0155890 ;   0.0009969    0.9999989   -0.0010533   -0.1344202 ;   0.0002853    0.0010530    0.9999994    1.1199559 ;   0.0000000    0.0000000    0.0000000    1.0000000 
   0.9999958   -0.0027922   -0.0007483    0.0367960 ;   0.0027915    0.9999956   -0.0009902   -0.2756081 ;   0.0007510    0.0009881    0.9999992    2.2371866 ;   0.0000000    0.0000000    0.0000000    1.0000000 
   0.9999902   -0.0043014   -0.0010238    0.0519564 ;   0.0043006    0.9999905   -0.0007756   -0.4161996 ;   0.0010271    0.0007711    0.9999992    3.3610574 ;   0.0000000   -0.0000000   -0.0000000    1.0000000 
   0.9999802   -0.0061592   -0.0012873    0.0670297 ;   0.0061581    0.9999807   -0.0008490   -0.5525651 ;   0.0012926    0.0008410    0.9999988    4.4776293 ;   0.0000000   -0.0000000    0.0000000    1.0000000 
   0.9999736   -0.0071003   -0.0015733    0.0808160 ;   0.0070987    0.9999743   -0.0010407   -0.6947529 ;   0.0015807    0.0010295    0.9999982    5.5943166 ;   0.0000000    0.0000000    0.0000000    1.0000000 
   0.9999677   -0.0078128   -0.0018983    0.0943706 ;   0.0078108    0.9999689   -0.0010928   -0.8303843 ;   0.0019068    0.0010780    0.9999976    6.7230340 ;   0.0000000    0.0000000    0.0000000    1.0000000 
   0.9999640   -0.0081884   -0.0022430    0.1064289 ;   0.0081869    0.9999663   -0.0006660   -0.9728595 ;   0.0022484    0.0006476    0.9999973    7.8444001 ;   0.0000000   -0.0000000    0.0000000    1.0000000 
   0.9999720   -0.0068909   -0.0029344    0.1196976 ;   0.0068911    0.9999763    0.0000328   -1.1049642 ;   0.0029341   -0.0000530    0.9999957    8.9543949 ;   0.0000000   -0.0000000    0.0000000    1.0000000 
   0.9999793   -0.0053453   -0.0035756    0.1299242 ;   0.0053490    0.9999852    0.0010348   -1.2442070 ;   0.0035700   -0.0010539    0.9999931   10.0710273 ;   0.0000000   -0.0000000    0.0000000    1.0000000 
   0.9999864   -0.0035732   -0.0037961    0.1388120 ;   0.0035677    0.9999926   -0.0014492   -1.3851192 ;   0.0038012    0.0014356    0.9999917   11.1912567 ;   0.0000000   -0.0000000    0.0000000    1.0000000 
   0.9999902   -0.0008888   -0.0043257    0.1399075 ;   0.0008790    0.9999970   -0.0022719   -1.5264702 ;   0.0043277    0.0022680    0.9999881   12.2867346 ;   0.0000000   -0.0000000    0.0000000    1.0000000 
   0.9999874    0.0008021   -0.0049537    0.1441031 ;  -0.0008225    0.9999912   -0.0041174   -1.6595805 ;   0.0049503    0.0041214    0.9999793   13.3899575 ;   0.0000000    0.0000000    0.0000000    1.0000000 
   0.9999785    0.0032295   -0.0056998    0.1476624 ;  -0.0032402    0.9999930   -0.0018667   -1.7933985 ;   0.0056938    0.0018851    0.9999820   14.5099858 ;   0.0000000   -0.0000000    0.0000000    1.0000000 
   0.9999715    0.0034476   -0.0067228    0.1524549 ;  -0.0034315    0.9999912    0.0024019   -1.9332316 ;   0.0067310   -0.0023788    0.9999745   15.6379755 ;   0.0000000   -0.0000000    0.0000000    1.0000000 
   0.9999644    0.0023068   -0.0081132    0.1625877 ;  -0.0022626    0.9999826    0.0054516   -2.0658934 ;   0.0081257   -0.0054330    0.9999522   16.7656915 ;   0.0000000   -0.0000000    0.0000000    1.0000000 
   0.9999464    0.0025152   -0.0100392    0.1738633 ;  -0.0024661    0.9999849    0.0049009   -2.2018472 ;   0.0100514   -0.0048758    0.9999376   17.8969077 ;   0.0000000   -0.0000000    0.0000000    1.0000000 
   0.9999306    0.0016681   -0.0116634    0.1746869 ;  -0.0016517    0.9999976    0.0014133   -2.3376149 ;   0.0116657   -0.0013939    0.9999310   19.0173936 ;   0.0000000   -0.0000000    0.0000000    1.0000000 
   0.9999083    0.0008943   -0.0135097    0.1731916 ;  -0.0009341    0.9999952   -0.0029461   -2.4745778 ;   0.0135070    0.0029584    0.9999044   20.1396984 ;   0.0000000    0.0000000    0.0000000    1.0000000 
   0.9998760    0.0014065   -0.0156821    0.1794872 ;  -0.0014867    0.9999859   -0.0051064   -2.6166760 ;   0.0156747    0.0051291    0.9998640   21.2462485 ;   0.0000000    0.0000000    0.0000000    1.0000000 
   0.9998349    0.0040408   -0.0177144    0.1777867 ;  -0.0041401    0.9999759   -0.0055710   -2.7537630 ;   0.0176915    0.0056434    0.9998276   22.3696184 ;   0.0000000    0.0000000    0.0000000    1.0000000 
   0.9997823    0.0076421   -0.0194143    0.1627278 ;  -0.0077376    0.9999583   -0.0048507   -2.9018146 ;   0.0193764    0.0049999    0.9997998   23.4852549 ;   0.0000000    0.0000000    0.0000000    1.0000000 
   0.9997415    0.0088062   -0.0209615    0.1468497 ;  -0.0088931    0.9999522   -0.0040566   -3.0386368 ;   0.0209248    0.0042420    0.9997721   24.5846786 ;   0.0000000    0.0000000    0.0000000    1.0000000 
   0.9996894    0.0107509   -0.0224819    0.1339076 ;  -0.0108265    0.9999361   -0.0032424   -3.1820641 ;   0.0224457    0.0034848    0.9997420   25.6888047 ;   0.0000000    0.0000000    0.0000000    1.0000000 
   0.9995834    0.0161691   -0.0239094    0.1109305 ;  -0.0162527    0.9998624   -0.0033074   -3.3228363 ;   0.0238527    0.0036946    0.9997087   26.7977000 ;   0.0000000    0.0000000    0.0000000    1.0000000 
   0.9995419    0.0154734   -0.0260090    0.0921654 ;  -0.0155863    0.9998699   -0.0041437   -3.4623267 ;   0.0259415    0.0045472    0.9996531   27.8938672 ;   0.0000000    0.0000000    0.0000000    1.0000000 
   0.9994705    0.0160488   -0.0283063    0.0681406 ;  -0.0161388    0.9998654   -0.0029555   -3.5954093 ;   0.0282551    0.0034107    0.9995949   28.9726524 ;   0.0000000    0.0000000    0.0000000    1.0000000 
   0.9993338    0.0210744   -0.0297955    0.0398022 ;  -0.0211079    0.9997769   -0.0008127   -3.7298888 ;   0.0297717    0.0014411    0.9995557   30.0811125 ;   0.0000000   -0.0000000    0.0000000    1.0000000 
   0.9991799    0.0249160   -0.0319163    0.0108703 ;  -0.0249021    0.9996895    0.0008340   -3.8639447 ;   0.0319272   -0.0000385    0.9994902   31.1787842 ;   0.0000000   -0.0000000    0.0000000    1.0000000 
   0.9991878    0.0244355   -0.0320420   -0.0089472 ;  -0.0244221    0.9997014    0.0008092   -4.0253433 ;   0.0320522   -0.0000260    0.9994862   32.4617715 ;   0.0000000   -0.0000000    0.0000000    1.0000000 
   0.9990850    0.0269305   -0.0332245   -0.0377453 ;  -0.0269897    0.9996348   -0.0013351   -4.1571845 ;   0.0331764    0.0022306    0.9994470   33.5509575 ;   0.0000000   -0.0000000    0.0000000    1.0000000 
   0.9989267    0.0311085   -0.0343179   -0.0776787 ;  -0.0313484    0.9994875   -0.0064749   -4.3203143 ;   0.0340989    0.0075437    0.9993900   34.9092970 ;   0.0000000    0.0000000    0.0000000    1.0000000 
   0.9988485    0.0323012   -0.0354739   -0.1049419 ;  -0.0324803    0.9994623   -0.0044859   -4.4575678 ;   0.0353099    0.0056330    0.9993605   36.0809618 ;   0.0000000    0.0000000    0.0000000    1.0000000 
   0.9986799    0.0347511   -0.0378271   -0.1451636 ;  -0.0348212    0.9993928   -0.0011967   -4.5759196 ;   0.0377625    0.0025123    0.9992836   37.1018319 ;   0.0000000   -0.0000000    0.0000000    1.0000000 
   0.9985855    0.0370636   -0.0381226   -0.1868062 ;  -0.0368659    0.9993030    0.0058753   -4.7138732 ;   0.0383138   -0.0044616    0.9992558   38.2750352 ;   0.0000000   -0.0000000    0.0000000    1.0000000 
   0.9984933    0.0391071   -0.0384947   -0.2256226 ;  -0.0387819    0.9992057    0.0091590   -4.8462510 ;   0.0388223   -0.0076523    0.9992168   39.4310540 ;   0.0000000   -0.0000000    0.0000000    1.0000000 
   0.9982865    0.0432765   -0.0393853   -0.2779910 ;  -0.0428445    0.9990127    0.0117466   -4.9659814 ;   0.0398548   -0.0100391    0.9991550   40.5197410 ;   0.0000000   -0.0000000    0.0000000    1.0000000 
   0.9981779    0.0453342   -0.0398201   -0.3152191 ;  -0.0448485    0.9989091    0.0130089   -5.0863724 ;   0.0403664   -0.0111994    0.9991222   41.6387328 ;   0.0000000   -0.0000000    0.0000000    1.0000000 
   0.9979237    0.0499342   -0.0406790   -0.3602153 ;  -0.0494763    0.9987009    0.0121869   -5.1987120 ;   0.0412347   -0.0101490    0.9990979   42.6999917 ;   0.0000000   -0.0000000    0.0000000    1.0000000 
   0.9976559    0.0551228   -0.0405480   -0.4488077 ;  -0.0547654    0.9984504    0.0098740   -5.4321172 ;   0.0410294   -0.0076302    0.9991288   44.8522673 ;   0.0000000   -0.0000000    0.0000000    1.0000000 
   0.9978556    0.0514414   -0.0404722   -0.4829732 ;  -0.0509631    0.9986190    0.0127634   -5.5555142 ;   0.0410729   -0.0106734    0.9990991   45.9471606 ;   0.0000000   -0.0000000    0.0000000    1.0000000 
   0.9977652    0.0521431   -0.0417827   -0.5223663 ;  -0.0514263    0.9985136    0.0180524   -5.6746444 ;   0.0426619   -0.0158633    0.9989636   47.0079114 ;   0.0000000   -0.0000000    0.0000000    1.0000000 
   0.9977894    0.0519409   -0.0414531   -0.5658970 ;  -0.0510304    0.9984384    0.0227294   -5.7945967 ;   0.0425690   -0.0205638    0.9988819   48.2057921 ;   0.0000000   -0.0000000    0.0000000    1.0000000 
   0.9982201    0.0427171   -0.0416152   -0.5937033 ;  -0.0415269    0.9987148    0.0290564   -5.9118023 ;   0.0428029   -0.0272765    0.9987111   49.3700649 ;   0.0000000   -0.0000000    0.0000000    1.0000000 
   0.9984593    0.0359096   -0.0423018   -0.6170497 ;  -0.0344508    0.9988030    0.0347230   -6.0196225 ;   0.0434980   -0.0332121    0.9985013   50.5108111 ;   0.0000000   -0.0000000    0.0000000    1.0000000 
   0.9984761    0.0351530   -0.0425422   -0.6491828 ;  -0.0335944    0.9987573    0.0368127   -6.1220775 ;   0.0437834   -0.0353274    0.9984162   51.6288796 ;   0.0000000   -0.0000000    0.0000000    1.0000000 
   0.9986233    0.0309318   -0.0423653   -0.6805209 ;  -0.0295447    0.9990191    0.0329844   -6.2286625 ;   0.0433441   -0.0316873    0.9985576   52.7594197 ;   0.0000000   -0.0000000    0.0000000    1.0000000 
   0.9987679    0.0266693   -0.0418494   -0.7086318 ;  -0.0255861    0.9993290    0.0262086   -6.3422170 ;   0.0425203   -0.0251056    0.9987801   53.9068211 ;   0.0000000   -0.0000000    0.0000000    1.0000000 
   0.9988658    0.0232704   -0.0415413   -0.7396058 ;  -0.0224710    0.9995552    0.0196073   -6.4543625 ;   0.0419791   -0.0186516    0.9989444   55.0216651 ;   0.0000000   -0.0000000    0.0000000    1.0000000 
   0.9989331    0.0224181   -0.0403746   -0.7688486 ;  -0.0218029    0.9996404    0.0156132   -6.5752848 ;   0.0407101   -0.0147163    0.9990626   56.1299896 ;   0.0000000   -0.0000000    0.0000000    1.0000000 
   0.9990031    0.0218863   -0.0389078   -0.7995003 ;  -0.0213613    0.9996758    0.0138590   -6.6997825 ;   0.0391985   -0.0130141    0.9991467   57.2566117 ;   0.0000000   -0.0000000    0.0000000    1.0000000 
   0.9990874    0.0203731   -0.0375404   -0.8222501 ;  -0.0199552    0.9997350    0.0114734   -6.8295598 ;   0.0377642   -0.0107138    0.9992292   58.3764742 ;   0.0000000   -0.0000000    0.0000000    1.0000000 
   0.9991890    0.0203707   -0.0347333   -0.8461613 ;  -0.0201057    0.9997661    0.0079634   -6.9598419 ;   0.0348874   -0.0072586    0.9993649   59.5027137 ;   0.0000000   -0.0000000    0.0000000    1.0000000 
   0.9992616    0.0216743   -0.0317264   -0.8703428 ;  -0.0215544    0.9997592    0.0041151   -7.0948930 ;   0.0318080   -0.0034283    0.9994881   60.6127290 ;   0.0000000   -0.0000000    0.0000000    1.0000000 
   0.9992770    0.0247165   -0.0288899   -0.8924887 ;  -0.0247039    0.9996945    0.0007910   -7.2302797 ;   0.0289006   -0.0000767    0.9995823   61.7184394 ;   0.0000000   -0.0000000    0.0000000    1.0000000 
   0.9993007    0.0272065   -0.0256498   -0.9135090 ;  -0.0271921    0.9996298    0.0009129   -7.3633982 ;   0.0256651   -0.0002147    0.9996706   62.8712445 ;   0.0000000   -0.0000000    0.0000000    1.0000000 
   0.9994021    0.0263806   -0.0223488   -0.9277520 ;  -0.0263067    0.9996475    0.0035940   -7.5022143 ;   0.0224358   -0.0030039    0.9997438   64.0013566 ;   0.0000000   -0.0000000    0.0000000    1.0000000 
   0.9993982    0.0282956   -0.0200655   -0.9336813 ;  -0.0282146    0.9995926    0.0043085   -7.6384434 ;   0.0201793   -0.0037397    0.9997894   65.1101582 ;   0.0000000   -0.0000000    0.0000000    1.0000000 
   0.9993850    0.0300393   -0.0180880   -0.9445593 ;  -0.0300058    0.9995475    0.0021171   -7.7750900 ;   0.0181434   -0.0015731    0.9998342   66.2438005 ;  -0.0000000   -0.0000000    0.0000000    1.0000000 
   0.9994772    0.0284539   -0.0153501   -0.9397406 ;  -0.0284704    0.9995943   -0.0008572   -7.9223478 ;   0.0153195    0.0012938    0.9998818   67.4188648 ;  -0.0000000   -0.0000000    0.0000000    1.0000000 
   0.9995459    0.0266551   -0.0140505   -0.9434810 ;  -0.0266862    0.9996418   -0.0020308   -8.0594896 ;   0.0139913    0.0024048    0.9998992   68.5196316 ;  -0.0000000   -0.0000000    0.0000000    1.0000000 
   0.9995939    0.0255505   -0.0126159   -0.9529897 ;  -0.0255737    0.9996715   -0.0016844   -8.1964773 ;   0.0125687    0.0020064    0.9999190   69.6250779 ;  -0.0000000   -0.0000000    0.0000000    1.0000000 
   0.9996385    0.0241151   -0.0118894   -0.9670489 ;  -0.0241211    0.9997090   -0.0003659   -8.3372732 ;   0.0118771    0.0006526    0.9999293   70.7139818 ;  -0.0000000   -0.0000000    0.0000000    1.0000000 
   0.9996900    0.0220781   -0.0115118   -0.9741865 ;  -0.0220718    0.9997562    0.0006675   -8.4808902 ;   0.0115237   -0.0004132    0.9999335   71.8207670 ;  -0.0000000   -0.0000000    0.0000000    1.0000000 
   0.9997213    0.0204325   -0.0118268   -0.9802500 ;  -0.0204259    0.9997911    0.0006814   -8.6150708 ;   0.0118382   -0.0004396    0.9999298   72.9057657 ;  -0.0000000   -0.0000000    0.0000000    1.0000000 
   0.9997187    0.0203781   -0.0121329   -0.9845437 ;  -0.0203734    0.9997923    0.0005093   -8.7524809 ;   0.0121408   -0.0002620    0.9999263   73.9815035 ;  -0.0000000   -0.0000000    0.0000000    1.0000000 
   0.9997010    0.0210572   -0.0124337   -0.9973707 ;  -0.0210494    0.9997781    0.0007640   -8.8861901 ;   0.0124471   -0.0005021    0.9999224   75.0562803 ;  -0.0000000   -0.0000000   -0.0000000    1.0000000 
   0.9996830    0.0215881   -0.0129561   -1.0052832 ;  -0.0215648    0.9997656    0.0019341   -9.0179824 ;   0.0129948   -0.0016540    0.9999142   76.1269173 ;  -0.0000000   -0.0000000   -0.0000000    1.0000000 
   0.9996652    0.0219992   -0.0136237   -1.0107123 ;  -0.0219503    0.9997521    0.0037307   -9.1552845 ;   0.0137024   -0.0034304    0.9999002   77.1931468 ;  -0.0000000   -0.0000000   -0.0000000    1.0000000 
   0.9996545    0.0219000   -0.0145317   -1.0202357 ;  -0.0218258    0.9997480    0.0052440   -9.2878865 ;   0.0146429   -0.0049250    0.9998807   78.2400178 ;  -0.0000000   -0.0000000   -0.0000000    1.0000000 
   0.9996511    0.0213965   -0.0154845   -1.0295861 ;  -0.0213045    0.9997545    0.0060824   -9.4165015 ;   0.0156108   -0.0057503    0.9998616   79.2776024 ;  -0.0000000   -0.0000000   -0.0000000    1.0000000 
   0.9996440    0.0209904   -0.0164691   -1.0371249 ;  -0.0208843    0.9997602    0.0065877   -9.5420572 ;   0.0166034   -0.0062414    0.9998427   80.3070321 ;  -0.0000000   -0.0000000   -0.0000000    1.0000000 
   0.9996291    0.0209576   -0.0173918   -1.0443577 ;  -0.0208467    0.9997613    0.0065361   -9.6619640 ;   0.0175246   -0.0061711    0.9998274   81.3057321 ;  -0.0000000   -0.0000000   -0.0000000    1.0000000 
   0.9996149    0.0208398   -0.0183260   -1.0543800 ;  -0.0207207    0.9997631    0.0066670   -9.7840755 ;   0.0184606   -0.0062847    0.9998098   82.2890895 ;  -0.0000000   -0.0000000   -0.0000000    1.0000000 
   0.9996115    0.0200674   -0.0193438   -1.0617341 ;  -0.0199321    0.9997757    0.0071589   -9.9058726 ;   0.0194831   -0.0067706    0.9997873   83.2577424 ;  -0.0000000   -0.0000000   -0.0000000    1.0000000 
   0.9995716    0.0214559   -0.0199084   -1.0732573 ;  -0.0213005    0.9997412    0.0079848  -10.0162713 ;   0.0200745   -0.0075573    0.9997699   84.1978735 ;  -0.0000000   -0.0000000   -0.0000000    1.0000000 
   0.9995671    0.0212972   -0.0203010   -1.0863780 ;  -0.0210919    0.9997247    0.0102751  -10.1222592 ;   0.0205142   -0.0098425    0.9997411   85.1153353 ;  -0.0000000    0.0000000   -0.0000000    1.0000000 
   0.9995140    0.0226900   -0.0213763   -1.0961979 ;  -0.0224465    0.9996812    0.0115612  -10.2285798 ;   0.0216318   -0.0110757    0.9997047   86.0150244 ;  -0.0000000    0.0000000   -0.0000000    1.0000000 
   0.9994338    0.0255533   -0.0218907   -1.1122108 ;  -0.0253080    0.9996146    0.0114079  -10.3341878 ;   0.0221738   -0.0108474    0.9996953   86.9068339 ;  -0.0000000    0.0000000   -0.0000000    1.0000000 
   0.9993479    0.0283501   -0.0223600   -1.1287173 ;  -0.0281152    0.9995469    0.0107528  -10.4444701 ;   0.0226547   -0.0101171    0.9996922   87.8043677 ;  -0.0000000    0.0000000   -0.0000000    1.0000000 
   0.9993424    0.0289936   -0.0217738   -1.1380734 ;  -0.0287751    0.9995330    0.0102848  -10.5509314 ;   0.0220618   -0.0096515    0.9997100   88.7114411 ;  -0.0000000   -0.0000000   -0.0000000    1.0000000 
   0.9991133    0.0352888   -0.0229654   -1.1573939 ;  -0.0350747    0.9993380    0.0096587  -10.6525382 ;   0.0232911   -0.0088446    0.9996896   89.5546937 ;  -0.0000000   -0.0000000   -0.0000000    1.0000000 
   0.9990719    0.0365129   -0.0228517   -1.1746633 ;  -0.0363196    0.9993013    0.0088184  -10.7536892 ;   0.0231577   -0.0079802    0.9997000   90.4053337 ;  -0.0000000   -0.0000000   -0.0000000    1.0000000 
   0.9989897    0.0385315   -0.0231276   -1.1908000 ;  -0.0383547    0.9992318    0.0080396  -10.8515862 ;   0.0234196   -0.0071444    0.9997002   91.2214845 ;  -0.0000000   -0.0000000   -0.0000000    1.0000000 
   0.9988980    0.0406973   -0.0233761   -1.2030132 ;  -0.0405271    0.9991487    0.0077068  -10.9425323 ;   0.0236699   -0.0067509    0.9996970   92.0161008 ;  -0.0000000   -0.0000000   -0.0000000    1.0000000 
   0.9986979    0.0452245   -0.0236079   -1.2267120 ;  -0.0450626    0.9989571    0.0073479  -11.0316581 ;   0.0239155   -0.0062745    0.9996943   92.7738044 ;  -0.0000000   -0.0000000   -0.0000000    1.0000000 
   0.9987654    0.0434390   -0.0240982   -1.2410772 ;  -0.0432781    0.9990374    0.0071602  -11.1223026 ;   0.0243860   -0.0061085    0.9996840   93.5268523 ;  -0.0000000   -0.0000000   -0.0000000    1.0000000 
   0.9989648    0.0378063   -0.0252998   -1.2462508 ;  -0.0376282    0.9992638    0.0074788  -11.2142548 ;   0.0255639   -0.0065191    0.9996519   94.2541631 ;  -0.0000000   -0.0000000   -0.0000000    1.0000000 
   0.9990532    0.0339263   -0.0272353   -1.2559054 ;  -0.0337161    0.9993983    0.0081400  -11.3031753 ;   0.0274951   -0.0072140    0.9995959   94.9558689 ;  -0.0000000   -0.0000000   -0.0000000    1.0000000 
   0.9990886    0.0318747   -0.0283913   -1.2689981 ;  -0.0316890    0.9994735    0.0069644  -11.3846593 ;   0.0285983   -0.0060583    0.9995726   95.6521912 ;  -0.0000000   -0.0000000   -0.0000000    1.0000000 
   0.9990173    0.0333216   -0.0292247   -1.2879876 ;  -0.0332009    0.9994381    0.0046039  -11.4625124 ;   0.0293617   -0.0036291    0.9995623   96.3365102 ;  -0.0000000   -0.0000000   -0.0000000    1.0000000 
   0.9989591    0.0343821   -0.0299771   -1.3072154 ;  -0.0342987    0.9994062    0.0032920  -11.5436077 ;   0.0300725   -0.0022604    0.9995452   97.0143938 ;  -0.0000000   -0.0000000   -0.0000000    1.0000000 
   0.9989837    0.0315049   -0.0322350   -1.3100567 ;  -0.0314774    0.9995035    0.0013611  -11.6257885 ;   0.0322619   -0.0003451    0.9994794   97.6964552 ;  -0.0000000   -0.0000000   -0.0000000    1.0000000 
   0.9990292    0.0288759   -0.0332687   -1.3216315 ;  -0.0288498    0.9995830    0.0012661  -11.7090468 ;   0.0332914   -0.0003051    0.9994456   98.4056225 ;  -0.0000000   -0.0000000   -0.0000000    1.0000000 
   0.9990143    0.0280822   -0.0343784   -1.3347640 ;  -0.0280462    0.9996055    0.0015288  -11.7891338 ;   0.0344077   -0.0005631    0.9994077   99.0805135 ;  -0.0000000   -0.0000000   -0.0000000    1.0000000 
   0.9989707    0.0294811   -0.0344738   -1.3525418 ;  -0.0293899    0.9995631    0.0031512  -11.8688625 ;   0.0345516   -0.0021347    0.9994006   99.7532856 ;  -0.0000000   -0.0000000   -0.0000000    1.0000000 
   0.9989093    0.0313631   -0.0345925   -1.3772566 ;  -0.0312583    0.9995050    0.0035657  -11.9484212 ;   0.0346872   -0.0024805    0.9993951  100.4079184 ;  -0.0000000   -0.0000000   -0.0000000    1.0000000 
   0.9988839    0.0312736   -0.0353960   -1.3949346 ;  -0.0311775    0.9995085    0.0032634  -12.0297413 ;   0.0354807   -0.0021562    0.9993680  101.0763316 ;  -0.0000000   -0.0000000   -0.0000000    1.0000000 
   0.9988468    0.0314098   -0.0363106   -1.4152311 ;  -0.0313252    0.9995051    0.0028961  -12.1129909 ;   0.0363836   -0.0017553    0.9993364  101.7325165 ;  -0.0000000   -0.0000000   -0.0000000    1.0000000 
   0.9988106    0.0319563   -0.0368257   -1.4370958 ;  -0.0318787    0.9994881    0.0026917  -12.1918820 ;   0.0368928   -0.0015146    0.9993181  102.3918022 ;  -0.0000000   -0.0000000   -0.0000000    1.0000000 
   0.9987546    0.0325004   -0.0378549   -1.4557809 ;  -0.0323974    0.9994695    0.0033316  -12.2702636 ;   0.0379431   -0.0021010    0.9992777  103.0507260 ;  -0.0000000   -0.0000000   -0.0000000    1.0000000 
   0.9987177    0.0320164   -0.0392156   -1.4728665 ;  -0.0318718    0.9994827    0.0043089  -12.3486749 ;   0.0393332   -0.0030535    0.9992215  103.6996827 ;  -0.0000000   -0.0000000   -0.0000000    1.0000000 
   0.9987230    0.0302594   -0.0404569   -1.4933012 ;  -0.0300636    0.9995332    0.0054382  -12.4269759 ;   0.0406025   -0.0042150    0.9991665  104.3439315 ;  -0.0000000   -0.0000000   -0.0000000    1.0000000 
   0.9987272    0.0287639   -0.0414314   -1.5125730 ;  -0.0285233    0.9995727    0.0063868  -12.5068252 ;   0.0415974   -0.0051969    0.9991209  104.9922131 ;  -0.0000000   -0.0000000   -0.0000000    1.0000000 
   0.9987223    0.0281282   -0.0419821   -1.5347279 ;  -0.0278673    0.9995886    0.0067854  -12.5901835 ;   0.0421557   -0.0056068    0.9990953  105.6357485 ;  -0.0000000   -0.0000000   -0.0000000    1.0000000 
   0.9986851    0.0288421   -0.0423822   -1.5581119 ;  -0.0285729    0.9995676    0.0069435  -12.6674308 ;   0.0425642   -0.0057234    0.9990773  106.2875970 ;  -0.0000000   -0.0000000   -0.0000000    1.0000000 
   0.9986098    0.0305660   -0.0429445   -1.5820520 ;  -0.0302818    0.9995151    0.0072528  -12.7431273 ;   0.0431453   -0.0059423    0.9990511  106.9343971 ;  -0.0000000   -0.0000000   -0.0000000    1.0000000 
   0.9985335    0.0323997   -0.0433723   -1.6131727 ;  -0.0320951    0.9994551    0.0077015  -12.8167420 ;   0.0435982   -0.0062982    0.9990293  107.5719835 ;  -0.0000000   -0.0000000   -0.0000000    1.0000000 
   0.9984916    0.0328307   -0.0440087   -1.6376778 ;  -0.0324924    0.9994368    0.0083804  -12.8911709 ;   0.0442591   -0.0069378    0.9989960  108.2122480 ;  -0.0000000   -0.0000000   -0.0000000    1.0000000 
   0.9984473    0.0329527   -0.0449120   -1.6615877 ;  -0.0325840    0.9994292    0.0089160  -12.9696298 ;   0.0451802   -0.0074387    0.9989512  108.8513570 ;  -0.0000000   -0.0000000   -0.0000000    1.0000000 
   0.9984120    0.0328882   -0.0457364   -1.6890426 ;  -0.0325008    0.9994295    0.0091891  -13.0477828 ;   0.0460126   -0.0076880    0.9989113  109.4860728 ;  -0.0000000   -0.0000000   -0.0000000    1.0000000 
   0.9984051    0.0326196   -0.0460790   -1.7171555 ;  -0.0322661    0.9994441    0.0083942  -13.1207589 ;   0.0463272   -0.0068940    0.9989025  110.1176605 ;  -0.0000000   -0.0000000   -0.0000000    1.0000000 
   0.9983570    0.0332919   -0.0466356   -1.7437346 ;  -0.0329898    0.9994295    0.0072326  -13.1926681 ;   0.0468498   -0.0056822    0.9988858  110.7518346 ;  -0.0000000   -0.0000000   -0.0000000    1.0000000 
   0.9983165    0.0339191   -0.0470500   -1.7733484 ;  -0.0336629    0.9994138    0.0062272  -13.2679804 ;   0.0472337   -0.0046329    0.9988731  111.3856960 ;  -0.0000000   -0.0000000   -0.0000000    1.0000000 
   0.9982960    0.0341065   -0.0473485   -1.8003265 ;  -0.0338947    0.9994115    0.0052681  -13.3436106 ;   0.0475003   -0.0036543    0.9988645  112.0220971 ;  -0.0000000   -0.0000000   -0.0000000    1.0000000 
   0.9982655    0.0349662   -0.0473641   -1.8246992 ;  -0.0347934    0.9993845    0.0044676  -13.4198915 ;   0.0474912   -0.0028119    0.9988677  112.6563695 ;  -0.0000000   -0.0000000   -0.0000000    1.0000000 
   0.9982490    0.0354885   -0.0473229   -1.8493251 ;  -0.0353480    0.9993678    0.0038041  -13.4980648 ;   0.0474280   -0.0021247    0.9988724  113.2907725 ;  -0.0000000   -0.0000000   -0.0000000    1.0000000 
   0.9982568    0.0349930   -0.0475268   -1.8736579 ;  -0.0348669    0.9993859    0.0034803  -13.5735779 ;   0.0476194   -0.0018171    0.9988639  113.9301767 ;  -0.0000000   -0.0000000   -0.0000000    1.0000000 
   0.9982204    0.0357782   -0.0477063   -1.8980729 ;  -0.0356648    0.9993586    0.0032259  -13.6484131 ;   0.0477911   -0.0015187    0.9988562  114.5705972 ;  -0.0000000   -0.0000000   -0.0000000    1.0000000 
   0.9981849    0.0369182   -0.0475819   -1.9259146 ;  -0.0368251    0.9993177    0.0028334  -13.7246003 ;   0.0476541   -0.0010761    0.9988633  115.2124581 ;  -0.0000000   -0.0000000   -0.0000000    1.0000000 
   0.9981747    0.0373455   -0.0474615   -1.9549664 ;  -0.0372734    0.9993022    0.0024027  -13.8004534 ;   0.0475182   -0.0006292    0.9988702  115.8484306 ;  -0.0000000   -0.0000000   -0.0000000    1.0000000 
   0.9981490    0.0379104   -0.0475550   -1.9821426 ;  -0.0378464    0.9992810    0.0022452  -13.8777751 ;   0.0476059   -0.0004413    0.9988661  116.4862246 ;  -0.0000000   -0.0000000   -0.0000000    1.0000000 
   0.9980969    0.0393661   -0.0474652   -2.0104991 ;  -0.0393098    0.9992248    0.0021183  -13.9538899 ;   0.0475118   -0.0002484    0.9988706  117.1273008 ;  -0.0000000   -0.0000000   -0.0000000    1.0000000 
   0.9980394    0.0411023   -0.0472007   -2.0402831 ;  -0.0410521    0.9991549    0.0020322  -14.0316486 ;   0.0472444   -0.0000906    0.9988834  117.7651933 ;  -0.0000000   -0.0000000   -0.0000000    1.0000000 
   0.9979496    0.0436408   -0.0468190   -2.0729163 ;  -0.0436035    0.9990473    0.0018173  -14.1064453 ;   0.0468537    0.0002279    0.9989017  118.4046197 ;  -0.0000000   -0.0000000   -0.0000000    1.0000000 
   0.9979264    0.0443915   -0.0466078   -2.1041708 ;  -0.0443357    0.9990142    0.0022314  -14.1812782 ;   0.0466609   -0.0001603    0.9989108  119.0444073 ;  -0.0000000   -0.0000000   -0.0000000    1.0000000 
   0.9979436    0.0440360   -0.0465771   -2.1284820 ;  -0.0439451    0.9990295    0.0029747  -14.2594052 ;   0.0466628   -0.0009217    0.9989103  119.6860920 ;  -0.0000000   -0.0000000   -0.0000000    1.0000000 
   0.9979775    0.0434778   -0.0463736   -2.1545596 ;  -0.0433581    0.9990532    0.0035849  -14.3331714 ;   0.0464856   -0.0015669    0.9989177  120.3326129 ;  -0.0000000   -0.0000000   -0.0000000    1.0000000 
   0.9980265    0.0428478   -0.0459039   -2.1752131 ;  -0.0426921    0.9990787    0.0043675  -14.4075619 ;   0.0460487   -0.0023992    0.9989363  120.9740272 ;  -0.0000000   -0.0000000   -0.0000000    1.0000000 
   0.9979777    0.0448929   -0.0450009   -2.2013040 ;  -0.0447413    0.9989890    0.0043704  -14.4852520 ;   0.0451516   -0.0023482    0.9989774  121.6133487 ;  -0.0000000   -0.0000000   -0.0000000    1.0000000 
   0.9979103    0.0472780   -0.0440440   -2.2266090 ;  -0.0471555    0.9988803    0.0038160  -14.5615095 ;   0.0441751   -0.0017311    0.9990223  122.2550775 ;  -0.0000000   -0.0000000   -0.0000000    1.0000000 
   0.9979381    0.0477403   -0.0428995   -2.2548813 ;  -0.0476206    0.9988582    0.0038076  -14.6361836 ;   0.0430323   -0.0017569    0.9990721  122.8960613 ;  -0.0000000   -0.0000000   -0.0000000    1.0000000 
   0.9979824    0.0473725   -0.0422735   -2.2778023 ;  -0.0472348    0.9988748    0.0042509  -14.7119063 ;   0.0424274   -0.0022456    0.9990970  123.5397354 ;  -0.0000000   -0.0000000   -0.0000000    1.0000000 
   0.9981043    0.0452023   -0.0417675   -2.3039342 ;  -0.0450555    0.9989746    0.0044503  -14.7844422 ;   0.0419258   -0.0025600    0.9991174  124.1806396 ;  -0.0000000   -0.0000000   -0.0000000    1.0000000 
   0.9982324    0.0427375   -0.0412976   -2.3180888 ;  -0.0425794    0.9990820    0.0047010  -14.8602007 ;   0.0414606   -0.0029342    0.9991358  124.8161135 ;  -0.0000000   -0.0000000   -0.0000000    1.0000000 
   0.9982538    0.0433356   -0.0401412   -2.3411613 ;  -0.0431619    0.9990546    0.0051841  -14.9386986 ;   0.0403279   -0.0034425    0.9991806  125.4603612 ;  -0.0000000   -0.0000000   -0.0000000    1.0000000 
   0.9982725    0.0441316   -0.0387872   -2.3644404 ;  -0.0439792    0.9990210    0.0047730  -15.0141745 ;   0.0389599   -0.0030590    0.9992361  126.0985184 ;  -0.0000000   -0.0000000   -0.0000000    1.0000000 
   0.9982402    0.0454788   -0.0380540   -2.3843570 ;  -0.0453909    0.9989643    0.0031702  -15.0920786 ;   0.0381588   -0.0014373    0.9992707  126.7408262 ;  -0.0000000   -0.0000000   -0.0000000    1.0000000 
   0.9982127    0.0466108   -0.0374017   -2.4051573 ;  -0.0465954    0.9989130    0.0012853  -15.1684363 ;   0.0374210    0.0004597    0.9992995  127.3850334 ;  -0.0000000   -0.0000000   -0.0000000    1.0000000 
   0.9982621    0.0462189   -0.0365609   -2.4254316 ;  -0.0462680    0.9989289   -0.0004985  -15.2448893 ;   0.0364987    0.0021892    0.9993313  128.0334174 ;  -0.0000000   -0.0000000   -0.0000000    1.0000000 
   0.9983043    0.0459417   -0.0357469   -2.4446086 ;  -0.0460143    0.9989400   -0.0012115  -15.3227119 ;   0.0356533    0.0028543    0.9993601  128.6825258 ;  -0.0000000   -0.0000000   -0.0000000    1.0000000 
   0.9983577    0.0452920   -0.0350796   -2.4650150 ;  -0.0453832    0.9989680   -0.0018080  -15.3998338 ;   0.0349616    0.0033971    0.9993829  129.3406056 ;  -0.0000000   -0.0000000   -0.0000000    1.0000000 
   0.9983966    0.0452109   -0.0340620   -2.4837852 ;  -0.0453009    0.9989716   -0.0018725  -15.4800964 ;   0.0339423    0.0034126    0.9994180  129.9988584 ;  -0.0000000   -0.0000000   -0.0000000    1.0000000 
   0.9983836    0.0463140   -0.0329428   -2.5021449 ;  -0.0463837    0.9989228   -0.0013556  -15.5611906 ;   0.0328445    0.0028814    0.9994563  130.6605300 ;  -0.0000000   -0.0000000   -0.0000000    1.0000000 
   0.9984017    0.0465992   -0.0319787   -2.5168177 ;  -0.0466576    0.9989104   -0.0010844  -15.6460812 ;   0.0318933    0.0025748    0.9994880  131.3155755 ;  -0.0000000   -0.0000000   -0.0000000    1.0000000 
   0.9983975    0.0473160   -0.0310428   -2.5327692 ;  -0.0473726    0.9988767   -0.0010890  -15.7332946 ;   0.0309564    0.0025579    0.9995175  131.9817896 ;  -0.0000000   -0.0000000   -0.0000000    1.0000000 
   0.9984142    0.0476470   -0.0299802   -2.5489240 ;  -0.0477129    0.9988600   -0.0014858  -15.8168035 ;   0.0298753    0.0029139    0.9995494  132.6518911 ;  -0.0000000   -0.0000000   -0.0000000    1.0000000 
   0.9984139    0.0483983   -0.0287636   -2.5653500 ;  -0.0484697    0.9988230   -0.0017901  -15.9012332 ;   0.0286431    0.0031815    0.9995846  133.3263677 ;  -0.0000000   -0.0000000   -0.0000000    1.0000000 
   0.9984221    0.0488027   -0.0277778   -2.5811552 ;  -0.0488850    0.9988018   -0.0022905  -15.9839431 ;   0.0276327    0.0036448    0.9996115  134.0026985 ;  -0.0000000   -0.0000000   -0.0000000    1.0000000 
   0.9983849    0.0501557   -0.0266818   -2.5972740 ;  -0.0502384    0.9987343   -0.0024354  -16.0692211 ;   0.0265259    0.0037719    0.9996410  134.6837161 ;  -0.0000000   -0.0000000   -0.0000000    1.0000000 
   0.9983506    0.0514050   -0.0255670   -2.6117545 ;  -0.0514781    0.9986717   -0.0022100  -16.1531956 ;   0.0254195    0.0035225    0.9996707  135.3695478 ;  -0.0000000   -0.0000000   -0.0000000    1.0000000 
   0.9983178    0.0526220   -0.0243398   -2.6252069 ;  -0.0526804    0.9986099   -0.0017659  -16.2406015 ;   0.0242131    0.0030451    0.9997022  136.0576253 ;  -0.0000000   -0.0000000   -0.0000000    1.0000000 
   0.9982452    0.0545204   -0.0231093   -2.6408920 ;  -0.0545769    0.9985079   -0.0018211  -16.3260090 ;   0.0229755    0.0030791    0.9997313  136.7562220 ;  -0.0000000   -0.0000000   -0.0000000    1.0000000 
   0.9982015    0.0558069   -0.0218928   -2.6544483 ;  -0.0558624    0.9984366   -0.0019293  -16.4137365 ;   0.0217509    0.0031488    0.9997585  137.4522367 ;  -0.0000000   -0.0000000   -0.0000000    1.0000000 
   0.9981372    0.0574958   -0.0204068   -2.6662332 ;  -0.0575414    0.9983418   -0.0016515  -16.5028365 ;   0.0202780    0.0028227    0.9997904  138.1551136 ;  -0.0000000   -0.0000000   -0.0000000    1.0000000 
   0.9980586    0.0594136   -0.0186857   -2.6748253 ;  -0.0594477    0.9982306   -0.0012749  -16.5874925 ;   0.0185769    0.0023833    0.9998246  138.8564495 ;  -0.0000000   -0.0000000   -0.0000000    1.0000000 
   0.9980424    0.0601098   -0.0172661   -2.6830149 ;  -0.0601306    0.9981903   -0.0006922  -16.6716191 ;   0.0171933    0.0017291    0.9998507  139.5687740 ;  -0.0000000   -0.0000000   -0.0000000    1.0000000 
   0.9979872    0.0614435   -0.0156934   -2.6891507 ;  -0.0614492    0.9981102    0.0001179  -16.7559279 ;   0.0156709    0.0008467    0.9998768  140.2759263 ;  -0.0000000   -0.0000000   -0.0000000    1.0000000 
   0.9979242    0.0628522   -0.0140312   -2.6951396 ;  -0.0628466    0.9980228    0.0008418  -16.8451092 ;   0.0140563    0.0000417    0.9999012  140.9914436 ;  -0.0000000   -0.0000000   -0.0000000    1.0000000 
   0.9979656    0.0624928   -0.0126229   -2.6986598 ;  -0.0624852    0.9980454    0.0009959  -16.9336412 ;   0.0126604   -0.0002051    0.9999198  141.7076949 ;  -0.0000000   -0.0000000   -0.0000000    1.0000000 
   0.9980076    0.0620977   -0.0111665   -2.7032989 ;  -0.0620916    0.9980701    0.0008870  -17.0232780 ;   0.0112001   -0.0001919    0.9999373  142.4296958 ;  -0.0000000   -0.0000000   -0.0000000    1.0000000 
   0.9980823    0.0610477   -0.0102460   -2.7022535 ;  -0.0610495    0.9981347    0.0001383  -17.1136238 ;   0.0102353    0.0004874    0.9999475  143.1595529 ;  -0.0000000   -0.0000000   -0.0000000    1.0000000 
   0.9981217    0.0605567   -0.0092750   -2.7052459 ;  -0.0605687    0.9981635   -0.0010137  -17.2028052 ;   0.0091966    0.0015735    0.9999565  143.8958632 ;  -0.0000000   -0.0000000   -0.0000000    1.0000000 
   0.9981410    0.0603053   -0.0088244   -2.7057959 ;  -0.0603280    0.9981759   -0.0023301  -17.2942462 ;   0.0086678    0.0028581    0.9999583  144.6304670 ;  -0.0000000   -0.0000000   -0.0000000    1.0000000 
   0.9981337    0.0605109   -0.0082168   -2.7093024 ;  -0.0605408    0.9981598   -0.0034370  -17.3845675 ;   0.0079937    0.0039281    0.9999603  145.3754272 ;  -0.0000000   -0.0000000   -0.0000000    1.0000000 
   0.9981094    0.0609902   -0.0076093   -2.7118714 ;  -0.0610236    0.9981274   -0.0042317  -17.4739296 ;   0.0073370    0.0046880    0.9999621  146.1236224 ;  -0.0000000   -0.0000000   -0.0000000    1.0000000 
   0.9981282    0.0607443   -0.0070902   -2.7126324 ;  -0.0607772    0.9981411   -0.0045188  -17.5711984 ;   0.0068025    0.0049413    0.9999647  146.8662118 ;  -0.0000000   -0.0000000   -0.0000000    1.0000000 
   0.9982129    0.0594078   -0.0064518   -2.7160223 ;  -0.0594354    0.9982234   -0.0041753  -17.6649370 ;   0.0061923    0.0045513    0.9999705  147.6220428 ;  -0.0000000   -0.0000000   -0.0000000    1.0000000 
   0.9982069    0.0596168   -0.0053672   -2.7201711 ;  -0.0596341    0.9982154   -0.0031291  -17.7646405 ;   0.0051711    0.0034436    0.9999807  148.3685170 ;  -0.0000000   -0.0000000   -0.0000000    1.0000000 
   0.9982161    0.0595072   -0.0048494   -2.7145261 ;  -0.0595187    0.9982246   -0.0022658  -17.8592873 ;   0.0047060    0.0025504    0.9999857  149.1213101 ;  -0.0000000   -0.0000000   -0.0000000    1.0000000 
   0.9982069    0.0597281   -0.0039417   -2.7188901 ;  -0.0597353    0.9982128   -0.0017181  -17.9592223 ;   0.0038321    0.0019505    0.9999908  149.8889920 ;   0.0000000   -0.0000000   -0.0000000    1.0000000 
   0.9981310    0.0610433   -0.0028555   -2.7292953 ;  -0.0610467    0.9981343   -0.0011030  -18.0622485 ;   0.0027828    0.0012753    0.9999953  150.6614055 ;   0.0000000   -0.0000000   -0.0000000    1.0000000 
   0.9981264    0.0611429   -0.0022757   -2.7326742 ;  -0.0611466    0.9981275   -0.0015872  -18.1499466 ;   0.0021744    0.0017234    0.9999962  151.4370054 ;   0.0000000   -0.0000000   -0.0000000    1.0000000 
   0.9981957    0.0600095   -0.0020484   -2.7326098 ;  -0.0600134    0.9981958   -0.0018739  -18.2412722 ;   0.0019323    0.0019934    0.9999961  152.2244098 ;   0.0000000   -0.0000000   -0.0000000    1.0000000 
   0.9982172    0.0596645   -0.0016142   -2.7288326 ;  -0.0596669    0.9982172   -0.0014948  -18.3426618 ;   0.0015221    0.0015885    0.9999976  153.0023222 ;   0.0000000   -0.0000000   -0.0000000    1.0000000 
   0.9981894    0.0601357   -0.0012417   -2.7259052 ;  -0.0601376    0.9981889   -0.0015513  -18.4349250 ;   0.0011462    0.0016231    0.9999980  153.7868625 ;   0.0000000   -0.0000000   -0.0000000    1.0000000 
   0.9981649    0.0605489   -0.0008045   -2.7222257 ;  -0.0605502    0.9981636   -0.0017446  -18.5341447 ;   0.0006974    0.0017901    0.9999982  154.5738126 ;   0.0000000   -0.0000000   -0.0000000    1.0000000 
   0.9981524    0.0607597   -0.0003132   -2.7178051 ;  -0.0607602    0.9981511   -0.0015919  -18.6338090 ;   0.0002159    0.0016079    0.9999987  155.3650803 ;   0.0000000   -0.0000000   -0.0000000    1.0000000 
   0.9981262    0.0611869    0.0004020   -2.7137269 ;  -0.0611864    0.9981255   -0.0012765  -18.7286191 ;  -0.0004793    0.0012495    0.9999991  156.1542497 ;   0.0000000   -0.0000000   -0.0000000    1.0000000 
   0.9981520    0.0607610    0.0007818   -2.7040609 ;  -0.0607603    0.9981520   -0.0008311  -18.8221993 ;  -0.0008308    0.0007821    0.9999993  156.9483701 ;   0.0000000   -0.0000000   -0.0000000    1.0000000 
   0.9981203    0.0612655    0.0015525   -2.6981347 ;  -0.0612655    0.9981215   -0.0000265  -18.9155107 ;  -0.0015512   -0.0000686    0.9999988  157.7447441 ;   0.0000000   -0.0000000   -0.0000000    1.0000000 
   0.9980489    0.0623832    0.0025931   -2.6903284 ;  -0.0623864    0.9980514    0.0011708  -19.0130776 ;  -0.0025150   -0.0013303    0.9999960  158.5385749 ;   0.0000000   -0.0000000   -0.0000000    1.0000000 
   0.9980717    0.0619662    0.0036125   -2.6861629 ;  -0.0619715    0.9980770    0.0013654  -19.1097788 ;  -0.0035210   -0.0015867    0.9999925  159.3479783 ;   0.0000000   -0.0000000   -0.0000000    1.0000000 
   0.9981641    0.0604256    0.0041409   -2.6821535 ;  -0.0604324    0.9981711    0.0015364  -19.2081122 ;  -0.0040405   -0.0017839    0.9999902  160.1560021 ;   0.0000000   -0.0000000   -0.0000000    1.0000000 
   0.9981194    0.0610138    0.0059098   -2.6707083 ;  -0.0610235    0.9981353    0.0014660  -19.3957153 ;  -0.0058093   -0.0018239    0.9999815  161.7300174 ;   0.0000000   -0.0000000   -0.0000000    1.0000000 
   0.9981779    0.0599838    0.0065366   -2.6642404 ;  -0.0599921    0.9981983    0.0010834  -19.4926394 ;  -0.0064599   -0.0014735    0.9999780  162.5348763 ;   0.0000000   -0.0000000   -0.0000000    1.0000000 
   0.9982429    0.0588204    0.0071598   -2.6542235 ;  -0.0588307    0.9982672    0.0012409  -19.5917834 ;  -0.0070744   -0.0016599    0.9999736  163.3373423 ;   0.0000000   -0.0000000   -0.0000000    1.0000000 
   0.9982587    0.0584745    0.0077613   -2.6403370 ;  -0.0584878    0.9982870    0.0014936  -19.6893176 ;  -0.0076607   -0.0019449    0.9999688  164.1297830 ;   0.0000000   -0.0000000   -0.0000000    1.0000000 
   0.9982822    0.0579879    0.0083672   -2.6271891 ;  -0.0580042    0.9983149    0.0017207  -19.7875025 ;  -0.0082533   -0.0022031    0.9999635  164.9247936 ;   0.0000000   -0.0000000   -0.0000000    1.0000000 
