   0.9999999   -0.0002104    0.0004462    0.0436770 ;   0.0002110    0.9999989   -0.0014756   -0.1255432 ;  -0.0004459    0.0014757    0.9999988    1.2833485 ;   0.0000000    0.0000000   -0.0000000    1.0000000 
   0.9999985   -0.0015882    0.0006426    0.0951478 ;   0.0015888    0.9999982   -0.0010717   -0.2569918 ;  -0.0006409    0.0010728    0.9999992    2.5828303 ;   0.0000000    0.0000000   -0.0000000    1.0000000 
   0.9999969   -0.0024537    0.0004672    0.1547426 ;   0.0024536    0.9999970    0.0001294   -0.3866585 ;  -0.0004675   -0.0001282    0.9999999    3.8784593 ;  -0.0000000    0.0000000   -0.0000000    1.0000000 
   0.9999910   -0.0042514    0.0000213    0.2117436 ;   0.0042514    0.9999897    0.0016105   -0.5054422 ;  -0.0000281   -0.0016104    0.9999987    5.1032819 ;  -0.0000000    0.0000000   -0.0000000    1.0000000 
   0.9999866   -0.0051698    0.0000332    0.2480921 ;   0.0051698    0.9999844    0.0021019   -0.6237049 ;  -0.0000441   -0.0021017    0.9999978    6.2887414 ;  -0.0000000    0.0000000   -0.0000000    1.0000000 
   0.9999859   -0.0052966   -0.0003373    0.2949355 ;   0.0052970    0.9999850    0.0013782   -0.7353044 ;   0.0003300   -0.0013799    0.9999990    7.4611477 ;  -0.0000000    0.0000000   -0.0000000    1.0000000 
   0.9999829   -0.0058417   -0.0002660    0.3382820 ;   0.0058421    0.9999818    0.0015100   -0.8508708 ;   0.0002572   -0.0015115    0.9999988    8.6272806 ;  -0.0000000    0.0000000   -0.0000000    1.0000000 
   0.9999739   -0.0072247    0.0000728    0.3799218 ;   0.0072245    0.9999722    0.0018644   -0.9617733 ;  -0.0000862   -0.0018638    0.9999983    9.7378348 ;  -0.0000000    0.0000000   -0.0000000    1.0000000 
   0.9999708   -0.0076356    0.0000229    0.4193057 ;   0.0076355    0.9999661    0.0030855   -1.0782764 ;  -0.0000465   -0.0030852    0.9999952   10.8352233 ;  -0.0000000    0.0000000   -0.0000000    1.0000000 
   0.9999570   -0.0092728    0.0000802    0.4613267 ;   0.0092725    0.9999518    0.0032286   -1.1798485 ;  -0.0001101   -0.0032277    0.9999948   11.9070976 ;  -0.0000000    0.0000000   -0.0000000    1.0000000 
   0.9999526   -0.0097369   -0.0000697    0.5023094 ;   0.0097371    0.9999479    0.0030535   -1.2873175 ;   0.0000400   -0.0030540    0.9999953   12.9478220 ;  -0.0000000    0.0000000   -0.0000000    1.0000000 
   0.9999374   -0.0111878   -0.0001289    0.5455726 ;   0.0111882    0.9999334    0.0028177   -1.3842195 ;   0.0000974   -0.0028190    0.9999960   13.9772286 ;  -0.0000000    0.0000000   -0.0000000    1.0000000 
   0.9999409   -0.0108706   -0.0003459    0.5847771 ;   0.0108713    0.9999384    0.0022392   -1.4912962 ;   0.0003215   -0.0022428    0.9999974   14.9952217 ;  -0.0000000    0.0000000   -0.0000000    1.0000000 
   0.9999244   -0.0122405   -0.0011440    0.6273799 ;   0.0122422    0.9999240    0.0014613   -1.5896493 ;   0.0011260   -0.0014752    0.9999983   15.9802680 ;  -0.0000000    0.0000000   -0.0000000    1.0000000 
   0.9999435   -0.0105857   -0.0009808    0.6573913 ;   0.0105868    0.9999433    0.0011253   -1.6862637 ;   0.0009688   -0.0011356    0.9999989   16.9400702 ;  -0.0000000   -0.0000000   -0.0000000    1.0000000 
   0.9999270   -0.0120213   -0.0012342    0.6936553 ;   0.0120230    0.9999268    0.0013407   -1.7803894 ;   0.0012180   -0.0013555    0.9999983   17.8805198 ;  -0.0000000    0.0000000   -0.0000000    1.0000000 
   0.9999369   -0.0110686   -0.0019222    0.7251922 ;   0.0110682    0.9999387   -0.0001971   -1.8745018 ;   0.0019243    0.0001758    0.9999981   18.7951533 ;  -0.0000000   -0.0000000   -0.0000000    1.0000000 
   0.9999432   -0.0105339   -0.0016532    0.7590073 ;   0.0105307    0.9999427   -0.0019472   -1.9629249 ;   0.0016737    0.0019297    0.9999967   19.6900256 ;  -0.0000000   -0.0000000   -0.0000000    1.0000000 
   0.9999287   -0.0118225   -0.0016876    0.7947826 ;   0.0118184    0.9999272   -0.0024347   -2.0502012 ;   0.0017163    0.0024145    0.9999956   20.5716629 ;  -0.0000000   -0.0000000   -0.0000000    1.0000000 
   0.9999336   -0.0113890   -0.0017351    0.8314611 ;   0.0113840    0.9999311   -0.0028735   -2.1435537 ;   0.0017677    0.0028535    0.9999944   21.4241560 ;  -0.0000000   -0.0000000   -0.0000000    1.0000000 
   0.9999301   -0.0117841   -0.0009139    0.8627913 ;   0.0117839    0.9999305   -0.0002062   -2.2324392 ;   0.0009163    0.0001954    0.9999996   22.2481498 ;  -0.0000000   -0.0000000   -0.0000000    1.0000000 
   0.9999387   -0.0110706    0.0003523    0.8870898 ;   0.0110700    0.9999377    0.0014515   -2.3130545 ;  -0.0003684   -0.0014476    0.9999989   23.0605672 ;  -0.0000000    0.0000000   -0.0000000    1.0000000 
   0.9999355   -0.0108153    0.0034567    0.9192174 ;   0.0108109    0.9999408    0.0012696   -2.3887186 ;  -0.0034702   -0.0012321    0.9999932   23.8658203 ;   0.0000000    0.0000000   -0.0000000    1.0000000 
   0.9999037   -0.0112699    0.0081032    0.9662930 ;   0.0112607    0.9999359    0.0011874   -2.4591331 ;  -0.0081161   -0.0010960    0.9999665   24.6296811 ;   0.0000000   -0.0000000   -0.0000000    1.0000000 
   0.9998152   -0.0123734    0.0147125    1.0127541 ;   0.0123622    0.9999232    0.0008537   -2.5351879 ;  -0.0147220   -0.0006716    0.9998914   25.3607087 ;   0.0000000   -0.0000000   -0.0000000    1.0000000 
   0.9996679   -0.0142945    0.0214420    1.0723383 ;   0.0143102    0.9998974   -0.0005800   -2.6063301 ;  -0.0214315    0.0008867    0.9997699   26.1047554 ;   0.0000000   -0.0000000   -0.0000000    1.0000000 
   0.9994452   -0.0157022    0.0293709    1.1304664 ;   0.0157660    0.9998738   -0.0019394   -2.6770259 ;  -0.0293368    0.0024014    0.9995667   26.8220309 ;   0.0000000   -0.0000000   -0.0000000    1.0000000 
   0.9991177   -0.0166658    0.0385495    1.1947593 ;   0.0168300    0.9998506   -0.0039396   -2.7516025 ;  -0.0384781    0.0045849    0.9992489   27.5170600 ;   0.0000000   -0.0000000   -0.0000000    1.0000000 
   0.9986443   -0.0155208    0.0496866    1.2694033 ;   0.0158330    0.9998573   -0.0058965   -2.8265862 ;  -0.0495880    0.0066752    0.9987475   28.1924244 ;   0.0000000   -0.0000000   -0.0000000    1.0000000 
   0.9977902   -0.0141901    0.0649109    1.3507793 ;   0.0147897    0.9998522   -0.0087657   -2.8945509 ;  -0.0647769    0.0097064    0.9978526   28.8582299 ;   0.0000000   -0.0000000   -0.0000000    1.0000000 
   0.9962804   -0.0118974    0.0853454    1.4442230 ;   0.0129092    0.9998527   -0.0113138   -2.9637726 ;  -0.0851982    0.0123735    0.9962872   29.4950292 ;   0.0000000   -0.0000000   -0.0000000    1.0000000 
   0.9936736   -0.0120211    0.1116616    1.5640279 ;   0.0136005    0.9998178   -0.0133933   -3.0303510 ;  -0.1114802    0.0148272    0.9936560   30.1164537 ;   0.0000000   -0.0000000   -0.0000000    1.0000000 
   0.9895637   -0.0134606    0.1434662    1.7082479 ;   0.0155450    0.9997891   -0.0134182   -3.0937027 ;  -0.1432554    0.0155083    0.9895642   30.7186078 ;   0.0000000   -0.0000000   -0.0000000    1.0000000 
   0.9838934   -0.0192688    0.1777145    1.8871750 ;   0.0217788    0.9996886   -0.0121838   -3.1635794 ;  -0.1774244    0.0158580    0.9840067   31.3202261 ;   0.0000000   -0.0000000   -0.0000000    1.0000000 
   0.9765919   -0.0224400    0.2139269    2.0848335 ;   0.0253993    0.9996158   -0.0110945   -3.2250721 ;  -0.2135958    0.0162684    0.9767867   31.8836693 ;   0.0000000   -0.0000000   -0.0000000    1.0000000 
   0.9667550   -0.0274411    0.2542279    2.3032488 ;   0.0304056    0.9995077   -0.0077379   -3.2926454 ;  -0.2538904    0.0152106    0.9671134   32.4397196 ;   0.0000000   -0.0000000   -0.0000000    1.0000000 
   0.9539187   -0.0301685    0.2985448    2.5621415 ;   0.0322544    0.9994776   -0.0020611   -3.3466057 ;  -0.2983267    0.0115955    0.9543934   33.0071391 ;   0.0000000   -0.0000000   -0.0000000    1.0000000 
   0.9376968   -0.0348682    0.3457007    2.8372979 ;   0.0371170    0.9993109    0.0001147   -3.4015520 ;  -0.3454665    0.0127238    0.9383448   33.5154357 ;   0.0000000   -0.0000000   -0.0000000    1.0000000 
   0.9179674   -0.0409721    0.3945341    3.1448558 ;   0.0450335    0.9989849   -0.0010361   -3.4613695 ;  -0.3940912    0.0187184    0.9188807   34.0099113 ;   0.0000000   -0.0000000   -0.0000000    1.0000000 
   0.8940256   -0.0440345    0.4458465    3.4804083 ;   0.0489930    0.9987990    0.0004051   -3.5148858 ;  -0.4453289    0.0214812    0.8951093   34.4872677 ;   0.0000000   -0.0000000   -0.0000000    1.0000000 
   0.8652692   -0.0463748    0.4991578    3.8433528 ;   0.0507537    0.9986996    0.0048059   -3.5595877 ;  -0.4987316    0.0211757    0.8664978   34.9561230 ;   0.0000000   -0.0000000   -0.0000000    1.0000000 
   0.8334760   -0.0510254    0.5501946    4.2198592 ;   0.0541998    0.9984750    0.0104932   -3.6005525 ;  -0.5498910    0.0210746    0.8349705   35.3654282 ;   0.0000000   -0.0000000   -0.0000000    1.0000000 
   0.7987983   -0.0622484    0.5983698    4.6337247 ;   0.0643469    0.9977671    0.0178972   -3.6412302 ;  -0.5981477    0.0242070    0.8010202   35.7467989 ;   0.0000000   -0.0000000   -0.0000000    1.0000000 
   0.7609170   -0.0703570    0.6450234    5.0632206 ;   0.0719290    0.9971231    0.0239101   -3.6837317 ;  -0.6448500    0.0282023    0.7637887   36.1012068 ;   0.0000000   -0.0000000   -0.0000000    1.0000000 
   0.7199990   -0.0669397    0.6907391    5.4980897 ;   0.0682211    0.9973432    0.0255418   -3.7226955 ;  -0.6906137    0.0287329    0.7226528   36.4382243 ;   0.0000000   -0.0000000   -0.0000000    1.0000000 
   0.6773328   -0.0611014    0.7331350    5.9514337 ;   0.0649246    0.9976213    0.0231614   -3.7566968 ;  -0.7328063    0.0319105    0.6796887   36.7511908 ;   0.0000000   -0.0000000   -0.0000000    1.0000000 
   0.6348044   -0.0565134    0.7706034    6.4377100 ;   0.0617246    0.9978434    0.0223312   -3.7826397 ;  -0.7702035    0.0333892    0.6369236   37.0278079 ;   0.0000000   -0.0000000   -0.0000000    1.0000000 
   0.5882142   -0.0584592    0.8065895    6.9259246 ;   0.0654047    0.9975555    0.0246027   -3.8060364 ;  -0.8060560    0.0382830    0.5905998   37.2761312 ;   0.0000000   -0.0000000   -0.0000000    1.0000000 
   0.5396672   -0.0610247    0.8396638    7.4293135 ;   0.0681498    0.9972629    0.0286775   -3.8341370 ;  -0.8391156    0.0417466    0.5423489   37.4949119 ;   0.0000000   -0.0000000   -0.0000000    1.0000000 
   0.4910714   -0.0615403    0.8689428    7.9464592 ;   0.0683533    0.9971481    0.0319911   -3.8645654 ;  -0.8684335    0.0436852    0.4938774   37.6696692 ;   0.0000000   -0.0000000   -0.0000000    1.0000000 
   0.4400307   -0.0624824    0.8958063    8.4727552 ;   0.0703493    0.9969090    0.0349779   -3.8909893 ;  -0.8952228    0.0476280    0.4430662   37.8286300 ;   0.0000000   -0.0000000   -0.0000000    1.0000000 
   0.3886000   -0.0635596    0.9192118    9.0048216 ;   0.0687583    0.9968368    0.0398592   -3.9219955 ;  -0.9188375    0.0477142    0.3917410   37.9558997 ;   0.0000000   -0.0000000   -0.0000000    1.0000000 
   0.3351486   -0.0639947    0.9399894    9.5478133 ;   0.0706731    0.9965873    0.0426498   -3.9430551 ;  -0.9395109    0.0521380    0.3385276   38.0667895 ;   0.0000000   -0.0000000   -0.0000000    1.0000000 
   0.2846673   -0.0635939    0.9565147   10.0963904 ;   0.0719489    0.9964002    0.0448331   -3.9632944 ;  -0.9559225    0.0560577    0.2882180   38.1446733 ;   0.0000000   -0.0000000   -0.0000000    1.0000000 
   0.2386489   -0.0643100    0.9689742   10.6610016 ;   0.0769695    0.9959184    0.0471414   -3.9809338 ;  -0.9680508    0.0633312    0.2426247   38.1978180 ;   0.0000000   -0.0000000   -0.0000000    1.0000000 
   0.1976099   -0.0659245    0.9780615   11.2166782 ;   0.0830213    0.9952770    0.0503111   -3.9995016 ;  -0.9767588    0.0712580    0.2021497   38.2344581 ;   0.0000000   -0.0000000   -0.0000000    1.0000000 
   0.1634763   -0.0676300    0.9842264   11.7753498 ;   0.0873832    0.9947189    0.0538370   -4.0154732 ;  -0.9826697    0.0772038    0.1685227   38.2594536 ;   0.0000000   -0.0000000   -0.0000000    1.0000000 
   0.1352717   -0.0677363    0.9884904   12.3355636 ;   0.0896579    0.9944042    0.0558722   -4.0345716 ;  -0.9867437    0.0810680    0.1405878   38.2783867 ;   0.0000000   -0.0000000   -0.0000000    1.0000000 
   0.1129002   -0.0661502    0.9914019   12.9046905 ;   0.0902607    0.9943387    0.0560674   -4.0480929 ;  -0.9894981    0.0831546    0.1182318   38.2936488 ;   0.0000000   -0.0000000   -0.0000000    1.0000000 
   0.0944642   -0.0679621    0.9932058   13.4703690 ;   0.0879673    0.9943344    0.0596727   -4.0577474 ;  -0.9916341    0.0817327    0.0999075   38.3100944 ;   0.0000000   -0.0000000   -0.0000000    1.0000000 
   0.0800467   -0.0732070    0.9940992   14.0233922 ;   0.0903920    0.9937235    0.0659008   -4.0675533 ;  -0.9926841    0.0845835    0.0861616   38.3140280 ;   0.0000000   -0.0000000   -0.0000000    1.0000000 
   0.0698040   -0.0763847    0.9946320   14.5786483 ;   0.0936124    0.9931658    0.0697023   -4.0765386 ;  -0.9931587    0.0882443    0.0764775   38.3129861 ;   0.0000000   -0.0000000   -0.0000000    1.0000000 
   0.0619898   -0.0795769    0.9948994   15.1453721 ;   0.0967893    0.9925975    0.0733621   -4.0879341 ;  -0.9933726    0.0917479    0.0692331   38.3135007 ;   0.0000000   -0.0000000   -0.0000000    1.0000000 
   0.0561833   -0.0800352    0.9952074   15.7104205 ;   0.0925220    0.9929101    0.0746273   -4.1022032 ;  -0.9941243    0.0878858    0.0631900   38.3279782 ;   0.0000000   -0.0000000   -0.0000000    1.0000000 
   0.0546776   -0.0741435    0.9957475   16.2493780 ;   0.0837625    0.9940648    0.0694187   -4.1180143 ;  -0.9949845    0.0796106    0.0605636   38.3445857 ;   0.0000000   -0.0000000   -0.0000000    1.0000000 
   0.0536211   -0.0636351    0.9965317   16.8232725 ;   0.0793244    0.9950850    0.0592744   -4.1327699 ;  -0.9954057    0.0758709    0.0584053   38.3572530 ;   0.0000000   -0.0000000   -0.0000000    1.0000000 
   0.0530203   -0.0564939    0.9969941   17.4141639 ;   0.0813895    0.9953212    0.0520708   -4.1494217 ;  -0.9952711    0.0783840    0.0573703   38.3630395 ;   0.0000000   -0.0000000   -0.0000000    1.0000000 
   0.0503400   -0.0556245    0.9971819   18.0278857 ;   0.0806568    0.9954130    0.0514541   -4.1563174 ;  -0.9954699    0.0778393    0.0545956   38.3695254 ;   0.0000000   -0.0000000   -0.0000000    1.0000000 
   0.0479800   -0.0602919    0.9970270   18.6314585 ;   0.0786395    0.9953062    0.0564035   -4.1784304 ;  -0.9957478    0.0756994    0.0524961   38.3738482 ;   0.0000000   -0.0000000   -0.0000000    1.0000000 
   0.0463570   -0.0669448    0.9966792   19.2459693 ;   0.0764412    0.9950640    0.0632809   -4.1940927 ;  -0.9959959    0.0732539    0.0512455   38.3808854 ;   0.0000000   -0.0000000   -0.0000000    1.0000000 
   0.0452372   -0.0714775    0.9964159   19.8609420 ;   0.0742508    0.9949186    0.0679991   -4.2075504 ;  -0.9962130    0.0709086    0.0503146   38.3864848 ;   0.0000000   -0.0000000   -0.0000000    1.0000000 
   0.0431489   -0.0728228    0.9964111   20.5043727 ;   0.0696128    0.9951351    0.0697150   -4.2181959 ;  -0.9966405    0.0663548    0.0480084   38.3941645 ;   0.0000000   -0.0000000   -0.0000000    1.0000000 
   0.0425145   -0.0743859    0.9963229   21.1480858 ;   0.0690068    0.9950616    0.0713471   -4.2359240 ;  -0.9967099    0.0657198    0.0474377   38.3965846 ;   0.0000000   -0.0000000   -0.0000000    1.0000000 
   0.0409875   -0.0752460    0.9963223   21.8236437 ;   0.0745752    0.9946092    0.0720487   -4.2452491 ;  -0.9963727    0.0713478    0.0463781   38.3940077 ;   0.0000000   -0.0000000   -0.0000000    1.0000000 
   0.0397104   -0.0765520    0.9962745   22.5153661 ;   0.0725222    0.9946521    0.0735367   -4.2526256 ;  -0.9965759    0.0693318    0.0450497   38.3908710 ;   0.0000000   -0.0000000   -0.0000000    1.0000000 
   0.0355620   -0.0770632    0.9963918   23.2287846 ;   0.0729751    0.9945610    0.0743171   -4.2589705 ;  -0.9966995    0.0700689    0.0409922   38.3903408 ;   0.0000000   -0.0000000   -0.0000000    1.0000000 
   0.0339338   -0.0811346    0.9961253   23.9395666 ;   0.0729458    0.9942420    0.0784963   -4.2574300 ;  -0.9967584    0.0699995    0.0396569   38.3888173 ;   0.0000000   -0.0000000   -0.0000000    1.0000000 
   0.0347421   -0.0784357    0.9963136   24.6501912 ;   0.0781789    0.9940738    0.0755332   -4.2738153 ;  -0.9963338    0.0752665    0.0406682   38.3686314 ;   0.0000000   -0.0000000   -0.0000000    1.0000000 
   0.0320718   -0.0709930    0.9969611   25.4383248 ;   0.0809738    0.9943799    0.0682043   -4.2749150 ;  -0.9962001    0.0785403    0.0376401   38.3369368 ;   0.0000000   -0.0000000   -0.0000000    1.0000000 
   0.0306960   -0.0635158    0.9975086   26.1582282 ;   0.0865167    0.9944022    0.0606556   -4.2909207 ;  -0.9957774    0.0844393    0.0360193   38.3208226 ;   0.0000000   -0.0000000   -0.0000000    1.0000000 
   0.0301123   -0.0581963    0.9978509   26.8888269 ;   0.0845103    0.9948773    0.0554726   -4.3035946 ;  -0.9959675    0.0826583    0.0348762   38.3182188 ;   0.0000000   -0.0000000   -0.0000000    1.0000000 
   0.0315014   -0.0602405    0.9976867   27.5550889 ;   0.0806990    0.9950766    0.0575349   -4.3377106 ;  -0.9962406    0.0786999    0.0362076   38.2965820 ;   0.0000000   -0.0000000   -0.0000000    1.0000000 
   0.0294768   -0.0654940    0.9974175   28.3503274 ;   0.0824127    0.9946130    0.0628743   -4.3490865 ;  -0.9961623    0.0803466    0.0347155   38.2905986 ;   0.0000000   -0.0000000   -0.0000000    1.0000000 
   0.0294727   -0.0720269    0.9969671   29.1272854 ;   0.0806960    0.9943163    0.0694499   -4.3622303 ;  -0.9963029    0.0784044    0.0351175   38.2858068 ;   0.0000000   -0.0000000   -0.0000000    1.0000000 
   0.0275160   -0.0766937    0.9966749   29.9472470 ;   0.0786761    0.9941257    0.0743254   -4.3785258 ;  -0.9965204    0.0763693    0.0333883   38.2782236 ;   0.0000000   -0.0000000   -0.0000000    1.0000000 
   0.0261226   -0.0783089    0.9965868   30.7420817 ;   0.0752922    0.9942495    0.0761517   -4.3883462 ;  -0.9968193    0.0730459    0.0318685   38.2769018 ;   0.0000000   -0.0000000   -0.0000000    1.0000000 
   0.0239684   -0.0772473    0.9967238   31.5786863 ;   0.0763912    0.9942367    0.0752175   -4.4005236 ;  -0.9967898    0.0743381    0.0297313   38.2679956 ;   0.0000000   -0.0000000   -0.0000000    1.0000000 
   0.0241662   -0.0742372    0.9969478   32.3631923 ;   0.0753265    0.9945393    0.0722319   -4.4178432 ;  -0.9968660    0.0733511    0.0296262   38.2525421 ;   0.0000000   -0.0000000   -0.0000000    1.0000000 
   0.0230027   -0.0712584    0.9971926   33.1673125 ;   0.0752188    0.9947527    0.0693489   -4.4323877 ;  -0.9969017    0.0734124    0.0282420   38.2407116 ;   0.0000000   -0.0000000   -0.0000000    1.0000000 
   0.0223108   -0.0702396    0.9972806   33.9671871 ;   0.0731788    0.9949678    0.0684395   -4.4467390 ;  -0.9970692    0.0714529    0.0273386   38.2273679 ;   0.0000000   -0.0000000   -0.0000000    1.0000000 
   0.0211886   -0.0726660    0.9971312   34.7956073 ;   0.0713841    0.9949196    0.0709879   -4.4590479 ;  -0.9972238    0.0696752    0.0262681   38.2149148 ;   0.0000000   -0.0000000   -0.0000000    1.0000000 
   0.0202261   -0.0739640    0.9970558   35.6253232 ;   0.0716050    0.9948060    0.0723446   -4.4770353 ;  -0.9972280    0.0699309    0.0254173   38.2052642 ;   0.0000000   -0.0000000   -0.0000000    1.0000000 
   0.0193890   -0.0748507    0.9970062   36.4817338 ;   0.0695445    0.9948794    0.0733386   -4.4890367 ;  -0.9973904    0.0679144    0.0244952   38.1925573 ;   0.0000000   -0.0000000   -0.0000000    1.0000000 
   0.0188617   -0.0765704    0.9968858   37.3112620 ;   0.0695216    0.9947503    0.0750909   -4.5057247 ;  -0.9974021    0.0678887    0.0240859   38.1781817 ;   0.0000000   -0.0000000   -0.0000000    1.0000000 
   0.0182256   -0.0789963    0.9967083   38.1454194 ;   0.0710401    0.9944567    0.0775188   -4.5194264 ;  -0.9973069    0.0693934    0.0237364   38.1609498 ;   0.0000000   -0.0000000   -0.0000000    1.0000000 
   0.0193084   -0.0810333    0.9965244   38.9576296 ;   0.0747452    0.9940380    0.0793829   -4.5308542 ;  -0.9970157    0.0729526    0.0252502   38.1381754 ;   0.0000000   -0.0000000   -0.0000000    1.0000000 
   0.0203192   -0.0836948    0.9962843   39.7828828 ;   0.0743525    0.9938571    0.0819745   -4.5447864 ;  -0.9970250    0.0724106    0.0264173   38.1233286 ;   0.0000000   -0.0000000   -0.0000000    1.0000000 
   0.0202743   -0.0833974    0.9963101   40.6463855 ;   0.0718830    0.9940575    0.0817461   -4.5564663 ;  -0.9972070    0.0699604    0.0261487   38.1108337 ;   0.0000000   -0.0000000   -0.0000000    1.0000000 
   0.0221844   -0.0804586    0.9965110   41.4680761 ;   0.0717123    0.9943169    0.0786850   -4.5760418 ;  -0.9971786    0.0697165    0.0278282   38.0947717 ;   0.0000000   -0.0000000   -0.0000000    1.0000000 
   0.0222335   -0.0761340    0.9968497   42.3505719 ;   0.0724978    0.9945939    0.0743447   -4.5846012 ;  -0.9971207    0.0706164    0.0276328   38.0796755 ;   0.0000000   -0.0000000   -0.0000000    1.0000000 
   0.0228720   -0.0758564    0.9968564   43.1633094 ;   0.0724445    0.9946216    0.0740242   -4.5953503 ;  -0.9971102    0.0705237    0.0282444   38.0677342 ;   0.0000000   -0.0000000   -0.0000000    1.0000000 
   0.0216636   -0.0777946    0.9967340   43.9830183 ;   0.0700544    0.9946356    0.0761082   -4.6100110 ;  -0.9973079    0.0681769    0.0269973   38.0565496 ;   0.0000000   -0.0000000   -0.0000000    1.0000000 
   0.0242389   -0.0818453    0.9963503   44.7073387 ;   0.0678881    0.9944772    0.0800398   -4.6366985 ;  -0.9973985    0.0657002    0.0296613   38.0449343 ;   0.0000000   -0.0000000   -0.0000000    1.0000000 
   0.0243006   -0.0842401    0.9961491   45.5291297 ;   0.0697932    0.9941551    0.0823689   -4.6422929 ;  -0.9972655    0.0675228    0.0300380   38.0342933 ;   0.0000000   -0.0000000   -0.0000000    1.0000000 
   0.0248567   -0.0896780    0.9956606   46.3608136 ;   0.0643482    0.9940464    0.0879262   -4.6392865 ;  -0.9976179    0.0618834    0.0304793   38.0293135 ;   0.0000000   -0.0000000   -0.0000000    1.0000000 
   0.0233223   -0.0939829    0.9953006   47.1885327 ;   0.0659434    0.9935478    0.0922722   -4.6523112 ;  -0.9975508    0.0634815    0.0293693   38.0164003 ;   0.0000000   -0.0000000   -0.0000000    1.0000000 
   0.0232228   -0.0887003    0.9957876   48.0156602 ;   0.0732815    0.9935277    0.0867900   -4.6698567 ;  -0.9970409    0.0709573    0.0295726   37.9945373 ;   0.0000000   -0.0000000   -0.0000000    1.0000000 
   0.0199823   -0.0753717    0.9969553   48.8407539 ;   0.0777660    0.9942506    0.0736085   -4.6889823 ;  -0.9967714    0.0760583    0.0257288   37.9802584 ;   0.0000000   -0.0000000   -0.0000000    1.0000000 
   0.0186183   -0.0644549    0.9977469   49.5988054 ;   0.0767749    0.9950656    0.0628491   -4.7053229 ;  -0.9968746    0.0754318    0.0234749   37.9683319 ;   0.0000000   -0.0000000   -0.0000000    1.0000000 
   0.0182695   -0.0615733    0.9979353   50.3556637 ;   0.0777234    0.9951691    0.0599797   -4.7205692 ;  -0.9968076    0.0764671    0.0229669   37.9536617 ;   0.0000000   -0.0000000   -0.0000000    1.0000000 
   0.0196740   -0.0687542    0.9974396   51.1134717 ;   0.0826345    0.9943312    0.0669100   -4.7402729 ;  -0.9963857    0.0811065    0.0252440   37.9285876 ;   0.0000000   -0.0000000   -0.0000000    1.0000000 
   0.0184071   -0.0770522    0.9968571   51.9119692 ;   0.0845585    0.9935740    0.0752370   -4.7529235 ;  -0.9962485    0.0829079    0.0248042   37.9081635 ;   0.0000000   -0.0000000   -0.0000000    1.0000000 
   0.0187297   -0.0816699    0.9964834   52.6754609 ;   0.0867133    0.9930355    0.0797575   -4.7699765 ;  -0.9960572    0.0849146    0.0256811   37.8860569 ;   0.0000000   -0.0000000   -0.0000000    1.0000000 
   0.0173197   -0.0829314    0.9964047   53.4757960 ;   0.0848593    0.9930804    0.0811797   -4.7841616 ;  -0.9962424    0.0831482    0.0242374   37.8673396 ;   0.0000000   -0.0000000   -0.0000000    1.0000000 
   0.0160730   -0.0812674    0.9965627   54.2535132 ;   0.0855872    0.9931452    0.0796083   -4.7972254 ;  -0.9962010    0.0840134    0.0229183   37.8492263 ;   0.0000000   -0.0000000   -0.0000000    1.0000000 
   0.0156074   -0.0784097    0.9967990   55.0250950 ;   0.0849775    0.9934176    0.0768132   -4.8106168 ;  -0.9962606    0.0835067    0.0221677   37.8299941 ;   0.0000000   -0.0000000   -0.0000000    1.0000000 
   0.0147182   -0.0781723    0.9968312   55.7826162 ;   0.0857142    0.9933681    0.0766352   -4.8231457 ;  -0.9962111    0.0843146    0.0213211   37.8099603 ;   0.0000000   -0.0000000   -0.0000000    1.0000000 
   0.0140738   -0.0794986    0.9967356   56.5369635 ;   0.0857374    0.9932590    0.0780107   -4.8302234 ;  -0.9962184    0.0843596    0.0207949   37.7961790 ;   0.0000000   -0.0000000   -0.0000000    1.0000000 
   0.0136169   -0.0844652    0.9963334   57.3030028 ;   0.0901381    0.9924725    0.0829060   -4.8400879 ;  -0.9958362    0.0886787    0.0211279   37.7698388 ;   0.0000000   -0.0000000   -0.0000000    1.0000000 
   0.0123609   -0.0839688    0.9963917   58.0610368 ;   0.0922861    0.9923106    0.0824800   -4.8496267 ;  -0.9956558    0.0909336    0.0200150   37.7470581 ;   0.0000000   -0.0000000   -0.0000000    1.0000000 
   0.0110361   -0.0819152    0.9965782   58.7969057 ;   0.0908275    0.9926010    0.0805824   -4.8631725 ;  -0.9958055    0.0896274    0.0183946   37.7306318 ;   0.0000000   -0.0000000   -0.0000000    1.0000000 
   0.0098676   -0.0815571    0.9966198   59.5160212 ;   0.0912634    0.9925821    0.0803231   -4.8769110 ;  -0.9957779    0.0901624    0.0172376   37.7151230 ;   0.0000000   -0.0000000   -0.0000000    1.0000000 
   0.0098617   -0.0821392    0.9965721   60.2346421 ;   0.0963606    0.9920604    0.0808138   -4.8854046 ;  -0.9952976    0.0952333    0.0176984   37.6834812 ;   0.0000000   -0.0000000   -0.0000000    1.0000000 
   0.0094712   -0.0844183    0.9963854   60.9394630 ;   0.0989826    0.9916155    0.0830733   -4.8914002 ;  -0.9950441    0.0978381    0.0177477   37.6544300 ;   0.0000000   -0.0000000   -0.0000000    1.0000000 
   0.0088369   -0.0857955    0.9962736   61.6149961 ;   0.0971510    0.9916729    0.0845376   -4.9048548 ;  -0.9952304    0.0960419    0.0170985   37.6365809 ;   0.0000000   -0.0000000   -0.0000000    1.0000000 
   0.0096414   -0.0877999    0.9960915   62.2697870 ;   0.0938758    0.9918178    0.0865145   -4.9140358 ;  -0.9955372    0.0926748    0.0178048   37.6203453 ;   0.0000000   -0.0000000   -0.0000000    1.0000000 
   0.0102450   -0.0888650    0.9959910   62.9021985 ;   0.0937095    0.9917451    0.0875222   -4.9185226 ;  -0.9955469    0.0924372    0.0184880   37.6032620 ;   0.0000000   -0.0000000   -0.0000000    1.0000000 
   0.0112456   -0.0890413    0.9959644   63.5287450 ;   0.0982442    0.9913068    0.0875156   -4.9283570 ;  -0.9950988    0.0968636    0.0198956   37.5781247 ;   0.0000000   -0.0000000   -0.0000000    1.0000000 
   0.0138815   -0.0908083    0.9957716   64.1302744 ;   0.0968101    0.9913110    0.0890519   -4.9384159 ;  -0.9952061    0.0951646    0.0225521   37.5672743 ;   0.0000000   -0.0000000   -0.0000000    1.0000000 
   0.0165793   -0.0916905    0.9956495   64.7122857 ;   0.0951566    0.9914113    0.0897157   -4.9495135 ;  -0.9953242    0.0932552    0.0251619   37.5638482 ;   0.0000000   -0.0000000   -0.0000000    1.0000000 
   0.0214674   -0.0903782    0.9956761   65.2674054 ;   0.0925695    0.9918071    0.0880312   -4.9531967 ;  -0.9954748    0.0902795    0.0296578   37.5667004 ;   0.0000000   -0.0000000   -0.0000000    1.0000000 
   0.0282723   -0.0885156    0.9956735   65.8047925 ;   0.0939848    0.9918945    0.0855109   -4.9625984 ;  -0.9951721    0.0911605    0.0363623   37.5664143 ;   0.0000000   -0.0000000   -0.0000000    1.0000000 
   0.0375119   -0.0878147    0.9954303   66.3209898 ;   0.0973531    0.9917141    0.0838183   -4.9717670 ;  -0.9945427    0.0937641    0.0457501   37.5701251 ;   0.0000000   -0.0000000   -0.0000000    1.0000000 
   0.0497176   -0.0862554    0.9950317   66.8131219 ;   0.0932356    0.9923142    0.0813613   -4.9804889 ;  -0.9944020    0.0887273    0.0573775   37.5948400 ;   0.0000000   -0.0000000   -0.0000000    1.0000000 
   0.0643643   -0.0852968    0.9942745   67.2759007 ;   0.0860806    0.9931013    0.0796237   -4.9911167 ;  -0.9942069    0.0804628    0.0712627   37.6365847 ;   0.0000000   -0.0000000   -0.0000000    1.0000000 
   0.0806139   -0.0837510    0.9932206   67.7109739 ;   0.0802127    0.9937769    0.0772875   -4.9950723 ;  -0.9935126    0.0734384    0.0868301   37.6858475 ;   0.0000000   -0.0000000   -0.0000000    1.0000000 
   0.0979981   -0.0816132    0.9918345   68.1315557 ;   0.0804663    0.9940183    0.0738425   -5.0106443 ;  -0.9919282    0.0725728    0.1039790   37.7331540 ;   0.0000000   -0.0000000   -0.0000000    1.0000000 
   0.1176323   -0.0801601    0.9898166   68.5342728 ;   0.0855379    0.9938502    0.0703213   -5.0258721 ;  -0.9893664    0.0763948    0.1237656   37.7838466 ;   0.0000000   -0.0000000   -0.0000000    1.0000000 
   0.1400400   -0.0792863    0.9869663   68.9210909 ;   0.0913199    0.9935746    0.0668598   -5.0369851 ;  -0.9859257    0.0807666    0.1463806   37.8456481 ;   0.0000000   -0.0000000   -0.0000000    1.0000000 
   0.1652195   -0.0770223    0.9832447   69.2968698 ;   0.0921649    0.9937891    0.0623614   -5.0445411 ;  -0.9819410    0.0803174    0.1712921   37.9284763 ;   0.0000000   -0.0000000   -0.0000000    1.0000000 
   0.1940438   -0.0757824    0.9780614   69.6482164 ;   0.0875651    0.9943699    0.0596734   -5.0613283 ;  -0.9770769    0.0740648    0.1995872   38.0308375 ;   0.0000000   -0.0000000   -0.0000000    1.0000000 
   0.2266839   -0.0728044    0.9712435   69.9815717 ;   0.0814687    0.9951250    0.0555802   -5.0809208 ;  -0.9705551    0.0665268    0.2315101   38.1485783 ;   0.0000000   -0.0000000   -0.0000000    1.0000000 
   0.2619911   -0.0685414    0.9626332   70.2987885 ;   0.0777438    0.9957318    0.0497393   -5.1002494 ;  -0.9619338    0.0618075    0.2662016   38.2797918 ;   0.0000000   -0.0000000   -0.0000000    1.0000000 
   0.3013851   -0.0657967    0.9512296   70.6115435 ;   0.0766788    0.9960577    0.0446028   -5.1207610 ;  -0.9504143    0.0594965    0.3052422   38.4217543 ;   0.0000000   -0.0000000   -0.0000000    1.0000000 
   0.3449897   -0.0640965    0.9364154   70.9104564 ;   0.0777885    0.9961859    0.0395293   -5.1404934 ;  -0.9353775    0.0592051    0.3486599   38.5743865 ;   0.0000000   -0.0000000   -0.0000000    1.0000000 
   0.3920826   -0.0620490    0.9178350   71.1832898 ;   0.0800366    0.9962402    0.0331593   -5.1650428 ;  -0.9164417    0.0604592    0.3955746   38.7439018 ;   0.0000000   -0.0000000   -0.0000000    1.0000000 
   0.4424812   -0.0602405    0.8947522   71.4310220 ;   0.0784970    0.9965134    0.0282727   -5.1973940 ;  -0.8933356    0.0577252    0.4456672   38.9327493 ;   0.0000000   -0.0000000   -0.0000000    1.0000000 
   0.4947207   -0.0608835    0.8669168   71.6579635 ;   0.0773867    0.9966664    0.0258338   -5.2276030 ;  -0.8655997    0.0543074    0.4977830   39.1448112 ;   0.0000000   -0.0000000   -0.0000000    1.0000000 
   0.5486477   -0.0605301    0.8338596   71.8657642 ;   0.0746657    0.9969378    0.0232408   -5.2494842 ;  -0.8327129    0.0495097    0.5514871   39.3680007 ;   0.0000000   -0.0000000   -0.0000000    1.0000000 
   0.6028693   -0.0600689    0.7955755   72.0495322 ;   0.0711318    0.9972375    0.0213930   -5.2737386 ;  -0.7946628    0.0436935    0.6054766   39.6059233 ;   0.0000000   -0.0000000   -0.0000000    1.0000000 
   0.6564136   -0.0567845    0.7522611   72.2050849 ;   0.0640803    0.9977562    0.0194001   -5.3007710 ;  -0.7516747    0.0354706    0.6585795   39.8549067 ;   0.0000000   -0.0000000   -0.0000000    1.0000000 
   0.7063407   -0.0499632    0.7061065   72.3221668 ;   0.0568069    0.9982896    0.0138120   -5.3285682 ;  -0.7055889    0.0303557    0.7079709   40.1219872 ;   0.0000000   -0.0000000   -0.0000000    1.0000000 
   0.7539366   -0.0421717    0.6555922   72.4182435 ;   0.0486794    0.9987803    0.0082659   -5.3639778 ;  -0.6551411    0.0256819    0.7550699   40.3810571 ;   0.0000000   -0.0000000   -0.0000000    1.0000000 
   0.7980960   -0.0338806    0.6015769   72.5033038 ;   0.0404141    0.9991795    0.0026571   -5.3921993 ;  -0.6011734    0.0221915    0.7988104   40.6460743 ;   0.0000000   -0.0000000   -0.0000000    1.0000000 
   0.8379434   -0.0268044    0.5450985   72.5719742 ;   0.0328683    0.9994587   -0.0013793   -5.4155594 ;  -0.5447665    0.0190723    0.8383709   40.9205840 ;   0.0000000   -0.0000000   -0.0000000    1.0000000 
   0.8742244   -0.0228477    0.4849842   72.6252903 ;   0.0286087    0.9995807   -0.0044791   -5.4449337 ;  -0.4846785    0.0177905    0.8745114   41.1953942 ;   0.0000000   -0.0000000   -0.0000000    1.0000000 
   0.9066987   -0.0187449    0.4213623   72.6564192 ;   0.0247621    0.9996545   -0.0088127   -5.4717126 ;  -0.4210515    0.0184243    0.9068496   41.4675382 ;   0.0000000   -0.0000000   -0.0000000    1.0000000 
   0.9346892   -0.0150293    0.3551480   72.6723685 ;   0.0210448    0.9996930   -0.0130810   -5.4946454 ;  -0.3548424    0.0197007    0.9347185   41.7459985 ;   0.0000000   -0.0000000   -0.0000000    1.0000000 
   0.9579867   -0.0108200    0.2866085   72.6717720 ;   0.0161947    0.9997345   -0.0163887   -5.5232293 ;  -0.2863551    0.0203417    0.9579076   42.0304245 ;   0.0000000   -0.0000000   -0.0000000    1.0000000 
   0.9761558   -0.0040636    0.2170329   72.6425105 ;   0.0083050    0.9997919   -0.0186344   -5.5502496 ;  -0.2169121    0.0199926    0.9759864   42.3177678 ;   0.0000000   -0.0000000   -0.0000000    1.0000000 
   0.9891114    0.0047241    0.1470928   72.5915631 ;  -0.0020161    0.9998258   -0.0185534   -5.5790000 ;  -0.1471548    0.0180548    0.9889487   42.6038365 ;   0.0000000   -0.0000000   -0.0000000    1.0000000 
   0.9970171    0.0112294    0.0763598   72.5288643 ;  -0.0098480    0.9997814   -0.0184442   -5.6112623 ;  -0.0765502    0.0176372    0.9969097   42.8921051 ;   0.0000000   -0.0000000   -0.0000000    1.0000000 
   0.9997792    0.0194850    0.0078691   72.4458112 ;  -0.0193348    0.9996374   -0.0187407   -5.6416991 ;  -0.0082314    0.0185845    0.9997934   43.1767763 ;   0.0000000   -0.0000000   -0.0000000    1.0000000 
   0.9980324    0.0267581   -0.0567036   72.3502397 ;  -0.0279105    0.9994177   -0.0196289   -5.6691890 ;   0.0561454    0.0211729    0.9981981   43.4575401 ;  -0.0000000   -0.0000000   -0.0000000    1.0000000 
   0.9924416    0.0325436   -0.1183240   72.2405204 ;  -0.0349963    0.9992123   -0.0187099   -5.7008841 ;   0.1176219    0.0227094    0.9927988   43.7517153 ;  -0.0000000   -0.0000000   -0.0000000    1.0000000 
   0.9835621    0.0357721   -0.1769913   72.1199793 ;  -0.0393651    0.9990832   -0.0168297   -5.7334056 ;   0.1762270    0.0235204    0.9840685   44.0398769 ;  -0.0000000   -0.0000000   -0.0000000    1.0000000 
   0.9719470    0.0384992   -0.2320277   71.9850005 ;  -0.0431262    0.9989585   -0.0149005   -5.7637264 ;   0.2312124    0.0244889    0.9725950   44.3422806 ;  -0.0000000   -0.0000000   -0.0000000    1.0000000 
   0.9581337    0.0426939   -0.2831201   71.8389462 ;  -0.0482397    0.9987558   -0.0126420   -5.7973779 ;   0.2822281    0.0257704    0.9590011   44.6494891 ;  -0.0000000   -0.0000000   -0.0000000    1.0000000 
   0.9433532    0.0465605   -0.3285069   71.6712526 ;  -0.0529874    0.9985386   -0.0106340   -5.8273253 ;   0.3275317    0.0274384    0.9444417   44.9653321 ;  -0.0000000   -0.0000000   -0.0000000    1.0000000 
   0.9280796    0.0510506   -0.3688661   71.4958816 ;  -0.0577133    0.9983084   -0.0070439   -5.8667959 ;   0.3678825    0.0278258    0.9294559   45.2867413 ;  -0.0000000   -0.0000000   -0.0000000    1.0000000 
   0.9132490    0.0520708   -0.4040606   71.3091679 ;  -0.0589865    0.9982478   -0.0046768   -5.9049058 ;   0.4031090    0.0281052    0.9147203   45.6106254 ;  -0.0000000   -0.0000000   -0.0000000    1.0000000 
   0.8981918    0.0528866   -0.4364108   71.1132053 ;  -0.0606411    0.9981522   -0.0038462   -5.9383979 ;   0.4354010    0.0299191    0.8997393   45.9552328 ;  -0.0000000   -0.0000000   -0.0000000    1.0000000 
   0.8838840    0.0497824   -0.4650491   70.9039213 ;  -0.0588629    0.9982535   -0.0050156   -5.9791176 ;   0.4639872    0.0318074    0.8852707   46.3124810 ;  -0.0000000   -0.0000000   -0.0000000    1.0000000 
   0.8701039    0.0519225   -0.4901258   70.6810361 ;  -0.0626646    0.9980194   -0.0055191   -6.0233425 ;   0.4888685    0.0355157    0.8716342   46.6694351 ;  -0.0000000   -0.0000000   -0.0000000    1.0000000 
   0.8586045    0.0553264   -0.5096443   70.4436057 ;  -0.0670259    0.9977406   -0.0046059   -6.0623880 ;   0.5082379    0.0381140    0.8603729   47.0435356 ;  -0.0000000   -0.0000000   -0.0000000    1.0000000 
   0.8503175    0.0572300   -0.5231490   70.1948078 ;  -0.0694343    0.9975796   -0.0037269   -6.1049636 ;   0.5216695    0.0394936    0.8522331   47.4298599 ;  -0.0000000   -0.0000000   -0.0000000    1.0000000 
   0.8445833    0.0573069   -0.5323485   69.9414122 ;  -0.0705300    0.9974994   -0.0045175   -6.1464852 ;   0.5307584    0.0413619    0.8465133   47.8400314 ;  -0.0000000   -0.0000000   -0.0000000    1.0000000 
   0.8415747    0.0577634   -0.5370432   69.6803200 ;  -0.0721449    0.9973774   -0.0057788   -6.1934422 ;   0.5353010    0.0436082    0.8435349   48.2640815 ;  -0.0000000   -0.0000000   -0.0000000    1.0000000 
   0.8414790    0.0572178   -0.5372515   69.4106329 ;  -0.0716313    0.9974133   -0.0059683   -6.2429397 ;   0.5355203    0.0435062    0.8434010   48.7170829 ;  -0.0000000   -0.0000000   -0.0000000    1.0000000 
   0.8425807    0.0566774   -0.5355795   69.1340474 ;  -0.0701667    0.9975236   -0.0048247   -6.2942196 ;   0.5339797    0.0416450    0.8444710   49.1902625 ;  -0.0000000   -0.0000000   -0.0000000    1.0000000 
   0.8440353    0.0540088   -0.5335611   68.8543397 ;  -0.0673048    0.9977174   -0.0054766   -6.3500777 ;   0.5320475    0.0405336    0.8457438   49.6793718 ;  -0.0000000   -0.0000000   -0.0000000    1.0000000 
   0.8449282    0.0525838   -0.5322887   68.5732994 ;  -0.0654701    0.9978402   -0.0053492   -6.4041303 ;   0.5308578    0.0393687    0.8465460   50.1855043 ;  -0.0000000   -0.0000000   -0.0000000    1.0000000 
   0.8460335    0.0537292   -0.5304154   68.2653890 ;  -0.0655723    0.9978416   -0.0035125   -6.4612964 ;   0.5290818    0.0377522    0.8477306   50.7151382 ;  -0.0000000   -0.0000000   -0.0000000    1.0000000 
   0.8468867    0.0563927   -0.5287747   67.9501375 ;  -0.0670509    0.9977491   -0.0009811   -6.5216159 ;   0.5275292    0.0362857    0.8487616   51.2604549 ;  -0.0000000   -0.0000000   -0.0000000    1.0000000 
   0.8473625    0.0579430   -0.5278441   67.6251838 ;  -0.0681397    0.9976758    0.0001311   -6.5764143 ;   0.5266249    0.0358560    0.8493413   51.8229346 ;  -0.0000000   -0.0000000   -0.0000000    1.0000000 
   0.8480042    0.0581608   -0.5267886   67.2869892 ;  -0.0686915    0.9976379   -0.0004315   -6.6300793 ;   0.5255192    0.0365518    0.8499962   52.3985408 ;  -0.0000000   -0.0000000   -0.0000000    1.0000000 
   0.8483859    0.0580019   -0.5261912   66.9460049 ;  -0.0683200    0.9976634   -0.0001812   -6.6874157 ;   0.5249512    0.0361031    0.8503663   52.9937402 ;  -0.0000000   -0.0000000   -0.0000000    1.0000000 
   0.8490285    0.0571264   -0.5252497   66.5908783 ;  -0.0671448    0.9977432   -0.0000196   -6.7511443 ;   0.5240632    0.0352844    0.8509481   53.6105601 ;  -0.0000000   -0.0000000   -0.0000000    1.0000000 
